{
  "constructor": {
    "invocation_command": "(0.17#F,epic_fight_musket_compat:biped/combat/bayonet#java.lang.String,epicfight:entity/biped#yesman.epicfight.api.model.Armature,[(0.0#F,0.3#F,0.4#F,0.7#F,0.8#F,0.8#F,MAIN_HAND#net.minecraft.world.InteractionHand,epicfight:entity/biped.Tool_R#yesman.epicfight.api.animation.Joint,(3#I,0.4d#D,0.7d#D,0.4d#D,0.0d#D,-0.5d#D,0.0d#D)#yesman.epicfight.api.collider.MultiOBBCollider)]#yesman.epicfight.api.animation.types.AttackAnimation$Phase)#yesman.epicfight.api.animation.types.BasicAttackAnimation"
  },
  "animation": [
    {
      "name": "Root",
      "time": [
        0.0,
        0.1667,
        0.3333,
        0.5,
        0.6667,
        0.9167,
        1.1667
      ],
      "transform": [
        [
          1.0,
          0.0,
          0.0,
          -5e-06,
          0.0,
          0.0,
          -1.0,
          0.000946,
          0.0,
          1.0,
          0.0,
          0.763972,
          0.0,
          0.0,
          0.0,
          1.0
        ],
        [
          1.0,
          0.0,
          0.0,
          -5e-06,
          0.0,
          0.0,
          -1.0,
          -0.134843,
          0.0,
          1.0,
          0.0,
          0.72733,
          0.0,
          0.0,
          0.0,
          1.0
        ],
        [
          1.0,
          0.0,
          0.0,
          -5e-06,
          0.0,
          0.0,
          -1.0,
          -0.270632,
          0.0,
          1.0,
          0.0,
          0.690689,
          0.0,
          0.0,
          0.0,
          1.0
        ],
        [
          1.0,
          0.0,
          0.0,
          -5e-06,
          0.0,
          0.0,
          -1.0,
          0.095352,
          0.0,
          1.0,
          0.0,
          0.696293,
          0.0,
          0.0,
          0.0,
          1.0
        ],
        [
          1.0,
          0.0,
          0.0,
          -5e-06,
          0.0,
          0.0,
          -1.0,
          0.461336,
          0.0,
          1.0,
          0.0,
          0.701897,
          0.0,
          0.0,
          0.0,
          1.0
        ],
        [
          1.0,
          0.0,
          0.0,
          -5e-06,
          0.0,
          0.0,
          -1.0,
          0.231141,
          0.0,
          1.0,
          0.0,
          0.737449,
          0.0,
          0.0,
          0.0,
          1.0
        ],
        [
          1.0,
          0.0,
          0.0,
          -5e-06,
          0.0,
          0.0,
          -1.0,
          0.000946,
          0.0,
          1.0,
          0.0,
          0.763972,
          0.0,
          0.0,
          0.0,
          1.0
        ]
      ]
    },
    {
      "name": "Thigh_R",
      "time": [
        0.0,
        0.1667,
        0.3333,
        0.5,
        0.6667,
        0.9167,
        1.1667
      ],
      "transform": [
        [
          1.0,
          -0.0,
          -0.0,
          0.124994,
          -0.0,
          -0.998131,
          -0.061108,
          -0.00251,
          -0.0,
          0.061108,
          -0.998131,
          0.057555,
          0.0,
          0.0,
          0.0,
          1.0
        ],
        [
          1.0,
          -0.0,
          -0.0,
          0.124994,
          -0.0,
          -0.98264,
          -0.185527,
          -0.00262,
          -0.0,
          0.185527,
          -0.982639,
          0.083419,
          0.0,
          0.0,
          0.0,
          1.0
        ],
        [
          1.0,
          -7e-06,
          1e-06,
          0.124994,
          -7e-06,
          -0.999864,
          0.016512,
          -0.00251,
          1e-06,
          -0.016512,
          -0.999864,
          0.109284,
          0.0,
          0.0,
          0.0,
          1.0
        ],
        [
          1.0,
          -1.9e-05,
          1.2e-05,
          0.124994,
          -2e-05,
          -0.519921,
          0.854215,
          -0.000162,
          -1e-05,
          -0.854215,
          -0.519921,
          0.005827,
          0.0,
          0.0,
          0.0,
          1.0
        ],
        [
          1.0,
          -6e-06,
          1e-06,
          0.124994,
          -5e-06,
          -0.835807,
          0.549023,
          0.001801,
          -3e-06,
          -0.549023,
          -0.835807,
          -0.097633,
          0.0,
          0.0,
          0.0,
          1.0
        ],
        [
          1.0,
          -0.0,
          -0.0,
          0.124994,
          -0.0,
          -0.995106,
          0.09882,
          -0.000354,
          -0.0,
          -0.09882,
          -0.995105,
          -0.020039,
          0.0,
          0.0,
          0.0,
          1.0
        ],
        [
          1.0,
          -0.0,
          -0.0,
          0.124994,
          -0.0,
          -0.998131,
          -0.061108,
          -0.00251,
          -0.0,
          0.061108,
          -0.998131,
          0.057555,
          0.0,
          0.0,
          0.0,
          1.0
        ]
      ]
    },
    {
      "name": "Leg_R",
      "time": [
        0.0,
        0.1667,
        0.3333,
        0.5,
        0.6667,
        0.9167,
        1.1667
      ],
      "transform": [
        [
          1.0,
          0.0,
          1e-06,
          0.0,
          -0.0,
          0.999999,
          0.001468,
          0.374726,
          -1e-06,
          -0.001468,
          0.999999,
          -0.0,
          0.0,
          0.0,
          0.0,
          1.0
        ],
        [
          1.0,
          0.0,
          1e-06,
          -0.0,
          -0.0,
          0.999999,
          0.001461,
          0.374726,
          -1e-06,
          -0.001461,
          0.999999,
          0.0,
          0.0,
          0.0,
          0.0,
          1.0
        ],
        [
          1.0,
          1.4e-05,
          6e-06,
          0.0,
          -1.4e-05,
          0.758672,
          0.651472,
          0.374726,
          4e-06,
          -0.651472,
          0.758672,
          0.0,
          0.0,
          0.0,
          0.0,
          1.0
        ],
        [
          1.0,
          1.7e-05,
          3.4e-05,
          0.0,
          -1.7e-05,
          -0.605811,
          0.795608,
          0.374726,
          3.4e-05,
          -0.795608,
          -0.605811,
          -0.0,
          0.0,
          0.0,
          0.0,
          1.0
        ],
        [
          1.0,
          1.1e-05,
          4e-06,
          0.0,
          -1.2e-05,
          0.844146,
          0.536112,
          0.374726,
          3e-06,
          -0.536112,
          0.844147,
          0.0,
          0.0,
          0.0,
          0.0,
          1.0
        ],
        [
          1.0,
          0.0,
          1e-06,
          -0.0,
          -0.0,
          0.999999,
          0.001465,
          0.374726,
          -1e-06,
          -0.001465,
          0.999999,
          -0.0,
          0.0,
          0.0,
          0.0,
          1.0
        ],
        [
          1.0,
          0.0,
          1e-06,
          0.0,
          -0.0,
          0.999999,
          0.001468,
          0.374726,
          -1e-06,
          -0.001468,
          0.999999,
          -0.0,
          0.0,
          0.0,
          0.0,
          1.0
        ]
      ]
    },
    {
      "name": "Knee_R",
      "time": [
        0.0,
        1.1667
      ],
      "transform": [
        [
          1.0,
          0.0,
          -0.0,
          0.0,
          -0.0,
          0.00567,
          -0.999984,
          0.374726,
          -0.0,
          0.999984,
          0.00567,
          -0.0,
          0.0,
          0.0,
          0.0,
          1.0
        ],
        [
          1.0,
          0.0,
          -0.0,
          0.0,
          -0.0,
          0.00567,
          -0.999984,
          0.374726,
          -0.0,
          0.999984,
          0.00567,
          -0.0,
          0.0,
          0.0,
          0.0,
          1.0
        ]
      ]
    },
    {
      "name": "Thigh_L",
      "time": [
        0.0,
        0.1667,
        0.3333,
        0.5,
        0.6667,
        0.9167,
        1.1667
      ],
      "transform": [
        [
          1.0,
          -3e-06,
          0.0,
          -0.125006,
          -3e-06,
          -0.968658,
          0.2484,
          -0.002831,
          -1e-06,
          -0.248401,
          -0.968658,
          -0.070633,
          0.0,
          0.0,
          0.0,
          1.0
        ],
        [
          1.0,
          -2e-06,
          -0.0,
          -0.125006,
          -2e-06,
          -0.931207,
          0.364492,
          0.007946,
          -1e-06,
          -0.364493,
          -0.931206,
          -0.092187,
          0.0,
          0.0,
          0.0,
          1.0
        ],
        [
          1.0,
          -0.0,
          -4e-06,
          -0.125006,
          2e-06,
          -0.907309,
          0.420464,
          0.018723,
          -4e-06,
          -0.420465,
          -0.907309,
          -0.113741,
          0.0,
          0.0,
          0.0,
          1.0
        ],
        [
          1.0,
          -6e-06,
          1e-06,
          -0.125006,
          -6e-06,
          -0.943894,
          0.330249,
          0.015706,
          -1e-06,
          -0.330249,
          -0.943894,
          -0.022353,
          0.0,
          0.0,
          0.0,
          1.0
        ],
        [
          1.0,
          -0.0,
          -0.0,
          -0.125006,
          -0.0,
          -0.946781,
          -0.32188,
          0.012688,
          -0.0,
          0.32188,
          -0.946781,
          0.069036,
          0.0,
          0.0,
          0.0,
          1.0
        ],
        [
          1.0,
          -3e-06,
          0.0,
          -0.125006,
          -3e-06,
          -0.998669,
          0.051584,
          0.003503,
          0.0,
          -0.051584,
          -0.998669,
          -0.000807,
          0.0,
          0.0,
          0.0,
          1.0
        ],
        [
          1.0,
          -3e-06,
          0.0,
          -0.125006,
          -3e-06,
          -0.968658,
          0.2484,
          -0.002831,
          -1e-06,
          -0.248401,
          -0.968658,
          -0.070633,
          0.0,
          0.0,
          0.0,
          1.0
        ]
      ]
    },
    {
      "name": "Leg_L",
      "time": [
        0.0,
        0.1667,
        0.3333,
        0.5,
        0.6667,
        0.9167,
        1.1667
      ],
      "transform": [
        [
          1.0,
          5e-06,
          1e-06,
          -0.0,
          -6e-06,
          0.965395,
          0.260791,
          0.374726,
          0.0,
          -0.260791,
          0.965395,
          -0.0,
          0.0,
          0.0,
          0.0,
          1.0
        ],
        [
          1.0,
          4e-06,
          1e-06,
          -0.0,
          -4e-06,
          0.982996,
          0.183625,
          0.374726,
          -0.0,
          -0.183626,
          0.982996,
          0.0,
          0.0,
          0.0,
          0.0,
          1.0
        ],
        [
          1.0,
          0.0,
          1e-06,
          -0.0,
          -0.0,
          0.999999,
          0.001462,
          0.374726,
          -1e-06,
          -0.001462,
          0.999999,
          0.0,
          0.0,
          0.0,
          0.0,
          1.0
        ],
        [
          1.0,
          1.1e-05,
          4e-06,
          0.0,
          -1.2e-05,
          0.844399,
          0.535715,
          0.374726,
          3e-06,
          -0.535715,
          0.844399,
          -0.0,
          0.0,
          0.0,
          0.0,
          1.0
        ],
        [
          1.0,
          0.0,
          1e-06,
          0.0,
          -0.0,
          0.999999,
          0.001461,
          0.374726,
          -1e-06,
          -0.001461,
          0.999999,
          0.0,
          0.0,
          0.0,
          0.0,
          1.0
        ],
        [
          1.0,
          7e-06,
          2e-06,
          -0.0,
          -7e-06,
          0.949463,
          0.313879,
          0.374726,
          0.0,
          -0.313879,
          0.949463,
          -0.0,
          0.0,
          0.0,
          0.0,
          1.0
        ],
        [
          1.0,
          5e-06,
          1e-06,
          -0.0,
          -6e-06,
          0.965395,
          0.260791,
          0.374726,
          0.0,
          -0.260791,
          0.965395,
          -0.0,
          0.0,
          0.0,
          0.0,
          1.0
        ]
      ]
    },
    {
      "name": "Knee_L",
      "time": [
        0.0,
        1.1667
      ],
      "transform": [
        [
          1.0,
          0.0,
          -0.0,
          -0.0,
          -0.0,
          0.00567,
          -0.999984,
          0.374726,
          -0.0,
          0.999984,
          0.00567,
          0.0,
          0.0,
          0.0,
          0.0,
          1.0
        ],
        [
          1.0,
          0.0,
          -0.0,
          -0.0,
          -0.0,
          0.00567,
          -0.999984,
          0.374726,
          -0.0,
          0.999984,
          0.00567,
          0.0,
          0.0,
          0.0,
          0.0,
          1.0
        ]
      ]
    },
    {
      "name": "Torso",
      "time": [
        0.0,
        0.1667,
        0.3333,
        0.5,
        0.6667,
        0.9167,
        1.1667
      ],
      "transform": [
        [
          0.972875,
          0.0,
          -0.231332,
          0.0,
          0.0,
          1.0,
          0.0,
          0.05,
          0.231332,
          0.0,
          0.972875,
          0.0,
          0.0,
          0.0,
          0.0,
          1.0
        ],
        [
          0.934479,
          0.0,
          -0.356018,
          0.0,
          0.0,
          1.0,
          0.0,
          0.05,
          0.356018,
          0.0,
          0.934479,
          0.0,
          0.0,
          0.0,
          0.0,
          1.0
        ],
        [
          0.880177,
          0.0,
          -0.474645,
          0.0,
          0.0,
          1.0,
          0.0,
          0.05,
          0.474645,
          0.0,
          0.880177,
          0.0,
          0.0,
          0.0,
          0.0,
          1.0
        ],
        [
          0.995719,
          0.0,
          -0.09243,
          0.0,
          0.0,
          1.0,
          0.0,
          0.05,
          0.09243,
          0.0,
          0.995719,
          0.0,
          0.0,
          0.0,
          0.0,
          1.0
        ],
        [
          0.952506,
          0.0,
          0.304521,
          0.0,
          0.0,
          1.0,
          0.0,
          0.05,
          -0.304521,
          0.0,
          0.952506,
          0.0,
          0.0,
          0.0,
          0.0,
          1.0
        ],
        [
          0.999281,
          0.0,
          0.037911,
          0.0,
          0.0,
          1.0,
          0.0,
          0.05,
          -0.037911,
          0.0,
          0.999281,
          0.0,
          0.0,
          0.0,
          0.0,
          1.0
        ],
        [
          0.972875,
          0.0,
          -0.231332,
          0.0,
          0.0,
          1.0,
          0.0,
          0.05,
          0.231332,
          0.0,
          0.972875,
          0.0,
          0.0,
          0.0,
          0.0,
          1.0
        ]
      ]
    },
    {
      "name": "Chest",
      "time": [
        0.0,
        0.1667,
        0.3333,
        0.5,
        0.6667,
        0.9167,
        1.1667
      ],
      "transform": [
        [
          0.786187,
          0.0,
          -0.617989,
          -0.0,
          0.0,
          1.0,
          0.0,
          0.3,
          0.617989,
          0.0,
          0.786187,
          0.0,
          0.0,
          0.0,
          0.0,
          1.0
        ],
        [
          0.691416,
          0.0,
          -0.722457,
          -0.0,
          0.0,
          1.0,
          0.0,
          0.3,
          0.722457,
          0.0,
          0.691416,
          0.0,
          0.0,
          0.0,
          0.0,
          1.0
        ],
        [
          0.58289,
          0.0,
          -0.812551,
          0.0,
          0.0,
          1.0,
          0.0,
          0.3,
          0.812551,
          0.0,
          0.58289,
          -0.0,
          0.0,
          0.0,
          0.0,
          1.0
        ],
        [
          0.952631,
          0.0,
          -0.30413,
          0.0,
          0.0,
          1.0,
          0.0,
          0.3,
          0.30413,
          0.0,
          0.952631,
          0.0,
          0.0,
          0.0,
          0.0,
          1.0
        ],
        [
          0.945891,
          0.0,
          0.324483,
          -0.0,
          0.0,
          1.0,
          0.0,
          0.3,
          -0.324483,
          0.0,
          0.945891,
          -0.0,
          0.0,
          0.0,
          0.0,
          1.0
        ],
        [
          0.985945,
          0.0,
          -0.167071,
          -0.0,
          0.0,
          1.0,
          0.0,
          0.3,
          0.167071,
          0.0,
          0.985945,
          0.0,
          0.0,
          0.0,
          0.0,
          1.0
        ],
        [
          0.786187,
          0.0,
          -0.617989,
          -0.0,
          0.0,
          1.0,
          0.0,
          0.3,
          0.617989,
          0.0,
          0.786187,
          0.0,
          0.0,
          0.0,
          0.0,
          1.0
        ]
      ]
    },
    {
      "name": "Head",
      "time": [
        0.0,
        0.1667,
        0.3333,
        0.5,
        0.6667,
        0.9167,
        1.1667
      ],
      "transform": [
        [
          0.614053,
          0.0,
          0.789265,
          0.0,
          0.0,
          1.0,
          0.0,
          0.4,
          -0.789265,
          0.0,
          0.614053,
          0.0,
          0.0,
          0.0,
          0.0,
          1.0
        ],
        [
          0.392067,
          0.0,
          0.919937,
          -0.0,
          0.0,
          1.0,
          0.0,
          0.4,
          -0.919937,
          0.0,
          0.392067,
          -0.0,
          0.0,
          0.0,
          0.0,
          1.0
        ],
        [
          0.122131,
          0.0,
          0.992514,
          0.0,
          0.0,
          1.0,
          0.0,
          0.4,
          -0.992514,
          0.0,
          0.122131,
          -0.0,
          0.0,
          0.0,
          0.0,
          1.0
        ],
        [
          0.945002,
          0.0,
          0.327066,
          0.0,
          0.0,
          1.0,
          0.0,
          0.4,
          -0.327066,
          0.0,
          0.945001,
          0.0,
          0.0,
          0.0,
          0.0,
          1.0
        ],
        [
          0.774091,
          0.0,
          -0.633074,
          0.0,
          0.0,
          1.0,
          0.0,
          0.4,
          0.633074,
          0.0,
          0.774091,
          -0.0,
          0.0,
          0.0,
          0.0,
          1.0
        ],
        [
          0.99373,
          0.0,
          0.111812,
          -0.0,
          0.0,
          1.0,
          0.0,
          0.4,
          -0.111812,
          0.0,
          0.993729,
          0.0,
          0.0,
          0.0,
          0.0,
          1.0
        ],
        [
          0.614053,
          0.0,
          0.789265,
          0.0,
          0.0,
          1.0,
          0.0,
          0.4,
          -0.789265,
          0.0,
          0.614053,
          0.0,
          0.0,
          0.0,
          0.0,
          1.0
        ]
      ]
    },
    {
      "name": "Shoulder_R",
      "time": [
        0.0,
        1.1667
      ],
      "transform": [
        [
          0.0,
          0.952114,
          0.305743,
          0.0,
          0.0,
          -0.305743,
          0.952114,
          0.4,
          1.0,
          0.0,
          -0.0,
          0.0,
          0.0,
          0.0,
          0.0,
          1.0
        ],
        [
          0.0,
          0.952114,
          0.305743,
          0.0,
          0.0,
          -0.305743,
          0.952114,
          0.4,
          1.0,
          0.0,
          -0.0,
          0.0,
          0.0,
          0.0,
          0.0,
          1.0
        ]
      ]
    },
    {
      "name": "Arm_R",
      "time": [
        0.0,
        0.1667,
        0.3333,
        0.5,
        0.6667,
        0.9167,
        1.1667
      ],
      "transform": [
        [
          -0.548373,
          -0.805061,
          -0.226196,
          0.0,
          0.65464,
          -0.244981,
          -0.715144,
          0.39386,
          0.52032,
          -0.540242,
          0.661366,
          0.0,
          0.0,
          0.0,
          0.0,
          1.0
        ],
        [
          -0.53778,
          -0.531555,
          -0.654402,
          0.0,
          0.242306,
          0.646003,
          -0.723856,
          0.39386,
          0.807515,
          -0.547841,
          -0.218609,
          -0.0,
          0.0,
          0.0,
          0.0,
          1.0
        ],
        [
          -0.72538,
          -0.408395,
          -0.554109,
          -0.0,
          -0.105268,
          0.861331,
          -0.49702,
          0.39386,
          0.680251,
          -0.302198,
          -0.667784,
          -0.0,
          0.0,
          0.0,
          0.0,
          1.0
        ],
        [
          -0.516521,
          0.272007,
          -0.811922,
          0.0,
          0.743631,
          0.612594,
          -0.267847,
          0.393861,
          0.424522,
          -0.742119,
          -0.518691,
          -0.0,
          0.0,
          0.0,
          0.0,
          1.0
        ],
        [
          0.044943,
          -0.181328,
          -0.982396,
          0.0,
          0.993799,
          -0.091995,
          0.062444,
          0.39386,
          -0.101698,
          -0.979111,
          0.176069,
          0.0,
          0.0,
          0.0,
          0.0,
          1.0
        ],
        [
          -0.385433,
          -0.56314,
          -0.730969,
          -0.0,
          0.78904,
          0.209557,
          -0.577496,
          0.393861,
          0.478391,
          -0.79935,
          0.363569,
          -0.0,
          0.0,
          0.0,
          0.0,
          1.0
        ],
        [
          -0.548373,
          -0.805061,
          -0.226196,
          0.0,
          0.65464,
          -0.244981,
          -0.715144,
          0.39386,
          0.52032,
          -0.540242,
          0.661366,
          0.0,
          0.0,
          0.0,
          0.0,
          1.0
        ]
      ]
    },
    {
      "name": "Hand_R",
      "time": [
        0.0,
        0.1667,
        0.3333,
        0.5,
        0.6667,
        0.9167,
        1.1667
      ],
      "transform": [
        [
          1.0,
          -4e-06,
          3e-06,
          0.0,
          4e-06,
          0.189024,
          -0.981973,
          0.300003,
          3e-06,
          0.981973,
          0.189024,
          0.0,
          0.0,
          0.0,
          0.0,
          1.0
        ],
        [
          1.0,
          -3e-06,
          5e-06,
          0.0,
          3e-06,
          -0.421136,
          -0.906998,
          0.300002,
          5e-06,
          0.906998,
          -0.421136,
          -0.0,
          0.0,
          0.0,
          0.0,
          1.0
        ],
        [
          1.0,
          -4e-06,
          3e-06,
          0.0,
          3e-06,
          0.272296,
          -0.962214,
          0.300003,
          3e-06,
          0.962214,
          0.272296,
          -0.0,
          0.0,
          0.0,
          0.0,
          1.0
        ],
        [
          1.0,
          -3e-06,
          6e-06,
          -0.0,
          3e-06,
          -0.721301,
          -0.692622,
          0.300003,
          6e-06,
          0.692621,
          -0.721301,
          -0.0,
          0.0,
          0.0,
          0.0,
          1.0
        ],
        [
          1.0,
          -3e-06,
          6e-06,
          -0.0,
          3e-06,
          -0.614488,
          -0.788926,
          0.300003,
          6e-06,
          0.788926,
          -0.614488,
          -0.0,
          0.0,
          0.0,
          0.0,
          1.0
        ],
        [
          1.0,
          -3e-06,
          5e-06,
          -0.0,
          3e-06,
          -0.362963,
          -0.931803,
          0.300003,
          5e-06,
          0.931804,
          -0.362963,
          0.0,
          0.0,
          0.0,
          0.0,
          1.0
        ],
        [
          1.0,
          -4e-06,
          3e-06,
          0.0,
          4e-06,
          0.189024,
          -0.981973,
          0.300003,
          3e-06,
          0.981973,
          0.189024,
          0.0,
          0.0,
          0.0,
          0.0,
          1.0
        ]
      ]
    },
    {
      "name": "Tool_R",
      "time": [
        0.0,
        0.1667,
        0.3333,
        0.5,
        0.6667,
        0.9167,
        1.1667
      ],
      "transform": [
        [
          0.932253,
          0.233399,
          -0.276459,
          -0.0,
          -0.099514,
          -0.569224,
          -0.816138,
          0.271711,
          -0.347853,
          0.788359,
          -0.507435,
          -0.028915,
          0.0,
          0.0,
          0.0,
          1.0
        ],
        [
          0.667058,
          0.344127,
          -0.660765,
          0.0,
          0.048986,
          -0.905267,
          -0.42201,
          0.271711,
          -0.743394,
          0.249137,
          -0.620724,
          -0.028915,
          0.0,
          0.0,
          0.0,
          1.0
        ],
        [
          0.733644,
          0.071459,
          -0.675767,
          0.0,
          0.55623,
          -0.634407,
          0.536784,
          0.271711,
          -0.390353,
          -0.76969,
          -0.505177,
          -0.028915,
          0.0,
          0.0,
          0.0,
          1.0
        ],
        [
          0.953368,
          -0.277008,
          -0.119813,
          -0.0,
          -0.296518,
          -0.933693,
          -0.200735,
          0.271711,
          -0.056264,
          0.226901,
          -0.972292,
          -0.028915,
          0.0,
          0.0,
          0.0,
          1.0
        ],
        [
          0.746158,
          -0.558528,
          0.362345,
          -0.0,
          -0.137518,
          -0.661811,
          -0.73695,
          0.271711,
          0.651411,
          0.500052,
          -0.570624,
          -0.028915,
          0.0,
          0.0,
          0.0,
          1.0
        ],
        [
          0.946484,
          -0.208275,
          -0.246554,
          0.0,
          -0.319424,
          -0.495094,
          -0.807992,
          0.271711,
          0.046217,
          0.843507,
          -0.535127,
          -0.028915,
          0.0,
          0.0,
          0.0,
          1.0
        ],
        [
          0.932253,
          0.233399,
          -0.276459,
          -0.0,
          -0.099514,
          -0.569224,
          -0.816138,
          0.271711,
          -0.347853,
          0.788359,
          -0.507435,
          -0.028915,
          0.0,
          0.0,
          0.0,
          1.0
        ]
      ]
    },
    {
      "name": "Elbow_R",
      "time": [
        0.0,
        1.1667
      ],
      "transform": [
        [
          -1.0,
          0.0,
          -0.0,
          0.0,
          -0.0,
          0.003946,
          -0.999992,
          0.428577,
          -0.0,
          -0.999992,
          -0.003946,
          -0.000745,
          0.0,
          0.0,
          0.0,
          1.0
        ],
        [
          -1.0,
          0.0,
          -0.0,
          0.0,
          -0.0,
          0.003946,
          -0.999992,
          0.428577,
          -0.0,
          -0.999992,
          -0.003946,
          -0.000745,
          0.0,
          0.0,
          0.0,
          1.0
        ]
      ]
    },
    {
      "name": "Shoulder_L",
      "time": [
        0.0,
        1.1667
      ],
      "transform": [
        [
          0.0,
          -0.952114,
          -0.305743,
          0.049421,
          0.0,
          -0.305743,
          0.952114,
          0.4,
          -1.0,
          0.0,
          0.0,
          -0.066392,
          0.0,
          0.0,
          0.0,
          1.0
        ],
        [
          0.0,
          -0.952114,
          -0.305743,
          0.049421,
          0.0,
          -0.305743,
          0.952114,
          0.4,
          -1.0,
          0.0,
          0.0,
          -0.066392,
          0.0,
          0.0,
          0.0,
          1.0
        ]
      ]
    },
    {
      "name": "Arm_L",
      "time": [
        0.0,
        0.1667,
        0.3333,
        0.5,
        0.6667,
        0.9167,
        1.1667
      ],
      "transform": [
        [
          -0.233464,
          0.696969,
          0.678032,
          -0.0,
          -0.833379,
          0.215834,
          -0.508816,
          0.39386,
          -0.500972,
          -0.683848,
          0.530451,
          0.0,
          0.0,
          0.0,
          0.0,
          1.0
        ],
        [
          -0.163713,
          0.191669,
          0.967709,
          0.0,
          -0.986225,
          -0.055271,
          -0.155898,
          0.39386,
          0.023606,
          -0.979902,
          0.198078,
          -0.0,
          0.0,
          0.0,
          0.0,
          1.0
        ],
        [
          0.026829,
          0.131618,
          0.990937,
          -0.0,
          -0.972839,
          -0.224564,
          0.056166,
          0.39386,
          0.229921,
          -0.965529,
          0.122019,
          -0.0,
          0.0,
          0.0,
          0.0,
          1.0
        ],
        [
          -0.781921,
          0.383412,
          0.491523,
          0.0,
          -0.621383,
          -0.416358,
          -0.663723,
          0.39386,
          -0.04983,
          -0.824403,
          0.563805,
          -0.0,
          0.0,
          0.0,
          0.0,
          1.0
        ],
        [
          -0.605165,
          0.449128,
          -0.657313,
          0.0,
          0.057287,
          -0.798957,
          -0.598653,
          0.39386,
          -0.794037,
          -0.399939,
          0.457772,
          -0.0,
          0.0,
          0.0,
          0.0,
          1.0
        ],
        [
          -0.619717,
          0.775284,
          -0.122006,
          0.0,
          -0.373267,
          -0.427905,
          -0.823145,
          0.39386,
          -0.690378,
          -0.464576,
          0.554568,
          0.0,
          0.0,
          0.0,
          0.0,
          1.0
        ],
        [
          -0.233464,
          0.696969,
          0.678032,
          -0.0,
          -0.833379,
          0.215834,
          -0.508816,
          0.39386,
          -0.500972,
          -0.683848,
          0.530451,
          0.0,
          0.0,
          0.0,
          0.0,
          1.0
        ]
      ]
    },
    {
      "name": "Hand_L",
      "time": [
        0.0,
        0.1667,
        0.3333,
        0.5,
        0.6667,
        0.9167,
        1.1667
      ],
      "transform": [
        [
          1.0,
          -0.0,
          0.0,
          0.0,
          0.0,
          0.232462,
          -0.972606,
          0.300003,
          0.0,
          0.972605,
          0.232462,
          0.0,
          0.0,
          0.0,
          0.0,
          1.0
        ],
        [
          1.0,
          -0.0,
          0.0,
          0.0,
          0.0,
          0.064808,
          -0.997898,
          0.300003,
          0.0,
          0.997898,
          0.064808,
          0.0,
          0.0,
          0.0,
          0.0,
          1.0
        ],
        [
          1.0,
          -0.0,
          0.0,
          -0.0,
          0.0,
          0.583038,
          -0.812446,
          0.300003,
          0.0,
          0.812445,
          0.583038,
          0.0,
          0.0,
          0.0,
          0.0,
          1.0
        ],
        [
          1.0,
          -0.0,
          0.0,
          -0.0,
          0.0,
          0.746894,
          -0.664943,
          0.300003,
          0.0,
          0.664942,
          0.746894,
          -0.0,
          0.0,
          0.0,
          0.0,
          1.0
        ],
        [
          1.0,
          0.0,
          0.0,
          0.0,
          -0.0,
          1.0,
          -0.000997,
          0.300003,
          0.0,
          0.000997,
          0.999999,
          -0.0,
          0.0,
          0.0,
          0.0,
          1.0
        ],
        [
          1.0,
          -0.0,
          -0.0,
          -0.0,
          0.0,
          0.882411,
          -0.47048,
          0.300003,
          -0.0,
          0.47048,
          0.882411,
          0.0,
          0.0,
          0.0,
          0.0,
          1.0
        ],
        [
          1.0,
          -0.0,
          0.0,
          0.0,
          0.0,
          0.232462,
          -0.972606,
          0.300003,
          0.0,
          0.972605,
          0.232462,
          0.0,
          0.0,
          0.0,
          0.0,
          1.0
        ]
      ]
    },
    {
      "name": "Tool_L",
      "time": [
        0.0,
        0.1667,
        0.3333,
        0.5,
        0.6667,
        0.9167,
        1.1667
      ],
      "transform": [
        [
          0.125319,
          -0.360234,
          0.924406,
          -0.0,
          0.116629,
          -0.919942,
          -0.374306,
          0.271711,
          0.985238,
          0.15472,
          -0.073272,
          -0.028915,
          0.0,
          0.0,
          0.0,
          1.0
        ],
        [
          0.420337,
          -0.137561,
          0.89688,
          -0.0,
          0.119276,
          -0.971487,
          -0.204904,
          0.271711,
          0.899494,
          0.193105,
          -0.391945,
          -0.028915,
          0.0,
          0.0,
          0.0,
          1.0
        ],
        [
          0.666618,
          0.090629,
          0.739869,
          -0.0,
          0.175179,
          -0.983828,
          -0.037324,
          0.271711,
          0.724522,
          0.154491,
          -0.671715,
          -0.028915,
          0.0,
          0.0,
          0.0,
          1.0
        ],
        [
          0.420337,
          -0.137561,
          0.89688,
          0.0,
          0.119276,
          -0.971487,
          -0.204904,
          0.271711,
          0.899495,
          0.193105,
          -0.391945,
          -0.028915,
          0.0,
          0.0,
          0.0,
          1.0
        ],
        [
          0.125319,
          -0.360234,
          0.924406,
          -0.0,
          0.116629,
          -0.919942,
          -0.374306,
          0.271711,
          0.985238,
          0.15472,
          -0.073272,
          -0.028915,
          0.0,
          0.0,
          0.0,
          1.0
        ],
        [
          0.125319,
          -0.360234,
          0.924406,
          0.0,
          0.116629,
          -0.919942,
          -0.374306,
          0.271711,
          0.985238,
          0.15472,
          -0.073272,
          -0.028915,
          0.0,
          0.0,
          0.0,
          1.0
        ],
        [
          0.125319,
          -0.360234,
          0.924406,
          -0.0,
          0.116629,
          -0.919942,
          -0.374306,
          0.271711,
          0.985238,
          0.15472,
          -0.073272,
          -0.028915,
          0.0,
          0.0,
          0.0,
          1.0
        ]
      ]
    },
    {
      "name": "Elbow_L",
      "time": [
        0.0,
        1.1667
      ],
      "transform": [
        [
          -1.0,
          0.0,
          -0.0,
          0.0,
          0.0,
          0.003946,
          -0.999992,
          0.424412,
          -0.0,
          -0.999993,
          -0.003946,
          -0.000761,
          0.0,
          0.0,
          0.0,
          1.0
        ],
        [
          -1.0,
          0.0,
          -0.0,
          0.0,
          0.0,
          0.003946,
          -0.999992,
          0.424412,
          -0.0,
          -0.999993,
          -0.003946,
          -0.000761,
          0.0,
          0.0,
          0.0,
          1.0
        ]
      ]
    },
    {
      "name": "IK-Thigh_R",
      "time": [
        0.0,
        0.1667,
        0.3333,
        0.5,
        0.6667,
        0.9167,
        1.1667
      ],
      "transform": [
        [
          1.0,
          -0.0,
          -0.0,
          0.124994,
          -0.0,
          -0.998131,
          -0.061108,
          -0.00251,
          -0.0,
          0.061108,
          -0.998131,
          0.057555,
          0.0,
          0.0,
          0.0,
          1.0
        ],
        [
          1.0,
          -0.0,
          -0.0,
          0.124994,
          -0.0,
          -0.98264,
          -0.185527,
          -0.00262,
          -0.0,
          0.185527,
          -0.982639,
          0.083419,
          0.0,
          0.0,
          0.0,
          1.0
        ],
        [
          1.0,
          -7e-06,
          1e-06,
          0.124994,
          -7e-06,
          -0.999864,
          0.016512,
          -0.00251,
          1e-06,
          -0.016512,
          -0.999864,
          0.109284,
          0.0,
          0.0,
          0.0,
          1.0
        ],
        [
          1.0,
          -1.9e-05,
          1.2e-05,
          0.124994,
          -2e-05,
          -0.519921,
          0.854215,
          -0.000162,
          -1e-05,
          -0.854215,
          -0.519921,
          0.005827,
          0.0,
          0.0,
          0.0,
          1.0
        ],
        [
          1.0,
          -6e-06,
          1e-06,
          0.124994,
          -5e-06,
          -0.835807,
          0.549023,
          0.001801,
          -3e-06,
          -0.549023,
          -0.835807,
          -0.097633,
          0.0,
          0.0,
          0.0,
          1.0
        ],
        [
          1.0,
          -0.0,
          -0.0,
          0.124994,
          -0.0,
          -0.995106,
          0.09882,
          -0.000354,
          -0.0,
          -0.09882,
          -0.995105,
          -0.020039,
          0.0,
          0.0,
          0.0,
          1.0
        ],
        [
          1.0,
          -0.0,
          -0.0,
          0.124994,
          -0.0,
          -0.998131,
          -0.061108,
          -0.00251,
          -0.0,
          0.061108,
          -0.998131,
          0.057555,
          0.0,
          0.0,
          0.0,
          1.0
        ]
      ]
    },
    {
      "name": "IK-Leg_R",
      "time": [
        0.0,
        1.1667
      ],
      "transform": [
        [
          1.0,
          0.0,
          1e-06,
          0.0,
          -0.0,
          0.999999,
          0.001468,
          0.374726,
          -1e-06,
          -0.001468,
          0.999999,
          -0.0,
          0.0,
          0.0,
          0.0,
          1.0
        ],
        [
          1.0,
          0.0,
          1e-06,
          0.0,
          -0.0,
          0.999999,
          0.001468,
          0.374726,
          -1e-06,
          -0.001468,
          0.999999,
          -0.0,
          0.0,
          0.0,
          0.0,
          1.0
        ]
      ]
    },
    {
      "name": "IK-Thigh_L",
      "time": [
        0.0,
        0.1667,
        0.3333,
        0.5,
        0.6667,
        0.9167,
        1.1667
      ],
      "transform": [
        [
