{
    "animation": [
        {
            "name": "Root",
            "time": [0.0, 0.2, 0.3, 0.4167, 0.6667],
            "transform": [
                [1.0, 0.0, 0.0, -5e-06, 0.0, 0.0, -1.0, 0.000946, 0.0, 1.0, 0.0, 0.763972, 0.0, 0.0, 0.0, 1.0],
                [1.0, 0.0, 0.0, -5e-06, 0.0, 0.0, -1.0, 0.380537, 0.0, 1.0, 0.0, 0.687465, 0.0, 0.0, 0.0, 1.0],
                [1.0, 0.0, 0.0, -5e-06, 0.0, 0.0, -1.0, 0.819801, 0.0, 1.0, 0.0, 0.650277, 0.0, 0.0, 0.0, 1.0],
                [1.0, 0.0, 0.0, -5e-06, 0.0, 0.0, -1.0, 1.116176, 0.0, 1.0, 0.0, 0.634499, 0.0, 0.0, 0.0, 1.0],
                [1.0, 0.0, 0.0, -5e-06, 0.0, 0.0, -1.0, 1.131296, 0.0, 1.0, 0.0, 0.757585, 0.0, 0.0, 0.0, 1.0]
            ]
        },
        {
            "name": "Thigh_R",
            "time": [0.0, 0.2, 0.3, 0.4167, 0.6667],
            "transform": [
                [1.0, -0.0, -0.0, 0.124994, -0.0, -0.998864, -0.047667, 0.003054, -0.0, 0.047667, -0.998863, 0.035299, 0.0, 0.0, 0.0, 1.0],
                [1.0, -0.0, -0.0, 0.124994, -0.0, -0.950301, -0.311334, 0.003054, -0.0, 0.311334, -0.950301, 0.035299, 0.0, 0.0, 0.0, 1.0],
                [1.0, -2e-06, -0.0, 0.124994, -1e-06, -0.894037, -0.447994, 0.008262, 1e-06, 0.447994, -0.894037, 0.009262, 0.0, 0.0, 0.0, 1.0],
                [1.0, -7e-06, 1e-06, 0.124994, -7e-06, -0.9912, -0.132376, 0.014825, 2e-06, 0.132376, -0.9912, -0.023552, 0.0, 0.0, 0.0, 1.0],
                [1.0, -0.0, -0.0, 0.124994, -0.0, -0.998864, -0.047667, 0.003054, -0.0, 0.047667, -0.998863, 0.035299, 0.0, 0.0, 0.0, 1.0]
            ]
        },
        {
            "name": "Leg_R",
            "time": [0.0, 0.2, 0.3, 0.4167, 0.6667],
            "transform": [
                [1.0, 0.0, 1e-06, -0.0, -0.0, 0.999999, 0.001468, 0.374726, -1e-06, -0.001468, 0.999999, -0.0, 0.0, 0.0, 0.0, 1.0],
                [1.0, 0.0, 1e-06, 0.0, -0.0, 0.999999, 0.001464, 0.374726, -1e-06, -0.001464, 0.999999, -0.0, 0.0, 0.0, 0.0, 1.0],
                [1.0, 3e-06, 1e-06, 0.0, -3e-06, 0.990925, 0.134417, 0.374726, -1e-06, -0.134417, 0.990925, 0.0, 0.0, 0.0, 0.0, 1.0],
                [1.0, 1.4e-05, 6e-06, 0.0, -1.4e-05, 0.763892, 0.645344, 0.374726, 4e-06, -0.645344, 0.763892, 0.0, 0.0, 0.0, 0.0, 1.0],
                [1.0, 0.0, 1e-06, 0.0, -0.0, 0.999999, 0.001468, 0.374726, -1e-06, -0.001468, 0.999999, -0.0, 0.0, 0.0, 0.0, 1.0]
            ]
        },
        {
            "name": "Knee_R",
            "time": [0.0, 0.6667],
            "transform": [
                [1.0, 0.0, -0.0, -0.0, -0.0, 0.00567, -0.999984, 0.374726, -0.0, 0.999984, 0.00567, -0.0, 0.0, 0.0, 0.0, 1.0],
                [1.0, 0.0, -0.0, -0.0, -0.0, 0.00567, -0.999984, 0.374726, -0.0, 0.999984, 0.00567, 0.0, 0.0, 0.0, 0.0, 1.0]
            ]
        },
        {
            "name": "Thigh_L",
            "time": [0.0, 0.2, 0.3, 0.4167, 0.6667],
            "transform": [
                [1.0, -3e-06, 0.0, -0.125006, -3e-06, -0.968658, 0.2484, -0.002831, -1e-06, -0.248401, -0.968658, -0.070633, 0.0, 0.0, 0.0, 1.0],
                [1.0, -1.5e-05, 6e-06, -0.125006, -1.2e-05, -0.452394, 0.891818, -0.002831, -1.1e-05, -0.891819, -0.452394, -0.070633, 0.0, 0.0, 0.0, 1.0],
                [1.0, -1.3e-05, 3e-06, -0.125006, -1e-05, -0.541422, 0.840752, 0.012791, -9e-06, -0.840752, -0.541421, -0.034181, 0.0, 0.0, 0.0, 1.0],
                [1.0, -6e-06, 1e-06, -0.125006, -5e-06, -0.799102, 0.601196, 0.03248, -3e-06, -0.601196, -0.799102, 0.011758, 0.0, 0.0, 0.0, 1.0],
                [1.0, -3e-06, 0.0, -0.125006, -3e-06, -0.968658, 0.2484, -0.002831, -1e-06, -0.248401, -0.968658, -0.070633, 0.0, 0.0, 0.0, 1.0]
            ]
        },
        {
            "name": "Leg_L",
            "time": [0.0, 0.2, 0.3, 0.4167, 0.6667],
            "transform": [
                [1.0, 5e-06, 1e-06, -0.0, -6e-06, 0.965395, 0.260791, 0.374726, 0.0, -0.260791, 0.965395, -0.0, 0.0, 0.0, 0.0, 1.0],
                [1.0, 2.1e-05, 2.1e-05, 0.0, -2.2e-05, 0.021158, 0.999776, 0.374726, 2.1e-05, -0.999777, 0.021158, 0.0, 0.0, 0.0, 0.0, 1.0],
                [1.0, 2e-05, 1.5e-05, -0.0, -2.1e-05, 0.320768, 0.947158, 0.374726, 1.4e-05, -0.947158, 0.320768, 0.0, 0.0, 0.0, 0.0, 1.0],
                [1.0, 1.1e-05, 4e-06, -0.0, -1.1e-05, 0.859403, 0.511299, 0.374726, 2e-06, -0.511299, 0.859403, 0.0, 0.0, 0.0, 0.0, 1.0],
                [1.0, 5e-06, 1e-06, -0.0, -6e-06, 0.965395, 0.260791, 0.374726, 0.0, -0.260791, 0.965395, 0.0, 0.0, 0.0, 0.0, 1.0]
            ]
        },
        {
            "name": "Knee_L",
            "time": [0.0, 0.6667],
            "transform": [
                [1.0, 0.0, -0.0, -0.0, -0.0, 0.00567, -0.999984, 0.374726, -0.0, 0.999984, 0.00567, 0.0, 0.0, 0.0, 0.0, 1.0],
                [1.0, 0.0, -0.0, 0.0, -0.0, 0.00567, -0.999984, 0.374726, -0.0, 0.999984, 0.00567, 0.0, 0.0, 0.0, 0.0, 1.0]
            ]
        },
        {
            "name": "Torso",
            "time": [0.0, 0.2, 0.3, 0.4167, 0.6667],
            "transform": [
                [0.972875, 0.0, -0.231332, 0.0, 0.0, 1.0, 0.0, 0.05, 0.231332, 0.0, 0.972875, 0.0, 0.0, 0.0, 0.0, 1.0],
                [0.968229, 0.0, -0.250067, 0.0, 0.0, 1.0, 0.0, 0.05, 0.250067, 0.0, 0.968229, 0.0, 0.0, 0.0, 0.0, 1.0],
                [0.999664, 0.012922, -0.022449, 0.0, -0.012946, 0.999916, -0.000901, 0.05, 0.022436, 0.001191, 0.999748, 0.0, 0.0, 0.0, 0.0, 1.0],
                [0.963829, 0.029035, 0.264934, 0.0, -0.028409, 0.999577, -0.006197, 0.05, -0.265002, -0.001553, 0.964247, 0.0, 0.0, 0.0, 0.0, 1.0],
                [0.972875, 0.0, -0.231332, 0.0, 0.0, 1.0, 0.0, 0.05, 0.231332, 0.0, 0.972875, 0.0, 0.0, 0.0, 0.0, 1.0]
            ]
        },
        {
            "name": "Chest",
            "time": [0.0, 0.2, 0.3, 0.4167, 0.6667],
            "transform": [
                [0.786187, 0.0, -0.617989, -0.0, 0.0, 1.0, 0.0, 0.3, 0.617989, 0.0, 0.786187, 0.0, 0.0, 0.0, 0.0, 1.0],
                [0.461348, 0.0, -0.887219, -0.0, 0.0, 1.0, 0.0, 0.3, 0.887219, 0.0, 0.461348, 0.0, 0.0, 0.0, 0.0, 1.0],
                [0.914011, -0.00234, -0.405683, -0.0, 0.009879, 0.999815, 0.016491, 0.3, 0.405569, -0.019081, 0.913865, -0.0, 0.0, 0.0, 0.0, 1.0],
                [0.90402, -0.021139, 0.426968, -0.0, 0.00443, 0.999186, 0.04009, 0.3, -0.427468, -0.034351, 0.903378, -0.0, 0.0, 0.0, 0.0, 1.0],
                [0.786187, 0.0, -0.617989, -0.0, 0.0, 1.0, 0.0, 0.3, 0.617989, 0.0, 0.786187, -0.0, 0.0, 0.0, 0.0, 1.0]
            ]
        },
        {
            "name": "Head",
            "time": [0.0, 0.2, 0.3, 0.4167, 0.6667],
            "transform": [
                [0.614053, 0.0, 0.789265, 0.0, 0.0, 1.0, 0.0, 0.4, -0.789265, 0.0, 0.614053, 0.0, 0.0, 0.0, 0.0, 1.0],
                [0.21968, 0.0, 0.975572, 0.0, 0.0, 1.0, 0.0, 0.4, -0.975572, 0.0, 0.21968, 0.0, 0.0, 0.0, 0.0, 1.0],
                [0.895398, 0.010473, 0.445144, 0.0, 0.000722, 0.999688, -0.024972, 0.4, -0.445267, 0.022681, 0.895111, 0.0, 0.0, 0.0, 0.0, 1.0],
                [0.7759, -0.006875, -0.630819, 0.0, -0.025547, 0.998778, -0.042308, 0.4, 0.630339, 0.048943, 0.774776, -0.0, 0.0, 0.0, 0.0, 1.0],
                [0.614053, 0.0, 0.789265, -0.0, 0.0, 1.0, 0.0, 0.4, -0.789265, 0.0, 0.614053, 0.0, 0.0, 0.0, 0.0, 1.0]
            ]
        },
        {
            "name": "Shoulder_R",
            "time": [0.0, 0.6667],
            "transform": [
                [0.0, 0.952114, 0.305743, 0.0, 0.0, -0.305743, 0.952114, 0.4, 1.0, 0.0, -0.0, 0.0, 0.0, 0.0, 0.0, 1.0],
                [0.0, 0.952114, 0.305743, -0.0, 0.0, -0.305743, 0.952114, 0.4, 1.0, 0.0, -0.0, 0.0, 0.0, 0.0, 0.0, 1.0]
            ]
        },
        {
            "name": "Arm_R",
            "time": [0.0, 0.2, 0.3, 0.4167, 0.6667],
            "transform": [
                [-0.753078, -0.052653, -0.655821, 0.0, 0.63095, 0.224733, -0.742562, 0.39386, 0.186483, -0.972997, -0.13602, 0.0, 0.0, 0.0, 0.0, 1.0],
                [-0.870744, -0.052538, -0.488921, 0.0, 0.119613, 0.941783, -0.314226, 0.393861, 0.476966, -0.332091, -0.813768, -0.0, 0.0, 0.0, 0.0, 1.0],
                [-0.516182, 0.602316, -0.60891, 0.0, 0.722305, 0.688182, 0.06842, 0.39386, 0.460252, -0.404501, -0.790283, -0.0, 0.0, 0.0, 0.0, 1.0],
                [0.118922, 0.076236, -0.989973, -0.0, 0.98817, 0.088152, 0.125495, 0.393861, 0.096836, -0.993185, -0.064851, 0.0, 0.0, 0.0, 0.0, 1.0],
                [-0.753078, -0.052653, -0.655821, -0.0, 0.63095, 0.224733, -0.742561, 0.39386, 0.186483, -0.972997, -0.136021, 0.0, 0.0, 0.0, 0.0, 1.0]
            ]
        },
        {
            "name": "Hand_R",
            "time": [0.0, 0.2, 0.3, 0.4167, 0.6667],
            "transform": [
                [1.0, -4e-06, 3e-06, 0.0, 4e-06, 0.119103, -0.992882, 0.300003, 3e-06, 0.992882, 0.119103, 0.0, 0.0, 0.0, 0.0, 1.0],
                [1.0, -4e-06, 4e-06, 0.0, 4e-06, -0.096976, -0.995287, 0.300003, 4e-06, 0.995287, -0.096976, 0.0, 0.0, 0.0, 0.0, 1.0],
                [1.0, -3e-06, 5e-06, -0.0, 3e-06, -0.388521, -0.92144, 0.300003, 5e-06, 0.92144, -0.388521, 0.0, 0.0, 0.0, 0.0, 1.0],
                [1.0, -3e-06, 5e-06, -0.0, 3e-06, -0.28683, -0.957982, 0.300002, 5e-06, 0.957981, -0.286831, -0.0, 0.0, 0.0, 0.0, 1.0],
                [1.0, -4e-06, 3e-06, 0.0, 4e-06, 0.119102, -0.992882, 0.300003, 3e-06, 0.992882, 0.119102, 0.0, 0.0, 0.0, 0.0, 1.0]
            ]
        },
        {
            "name": "Tool_R",
            "time": [0.0, 0.2, 0.3, 0.4167, 0.6667],
            "transform": [
                [0.999996, -0.001072, 0.00256, 0.0, -0.000848, -0.9963, -0.085943, 0.271711, 0.002643, 0.085941, -0.996297, -0.028915, 0.0, 0.0, 0.0, 1.0],
                [0.907244, -0.170221, -0.384621, 0.0, 0.083215, -0.823729, 0.560844, 0.271711, -0.412291, -0.540828, -0.733159, -0.028915, 0.0, 0.0, 0.0, 1.0],
                [0.980318, -0.141343, -0.137837, -0.004424, -0.081565, -0.925762, 0.369206, 0.271711, -0.179789, -0.350697, -0.91907, -0.028915, 0.0, 0.0, 0.0, 1.0],
                [0.896298, -0.425113, 0.126207, -0.004424, -0.392787, -0.893167, -0.219025, 0.271711, 0.205834, 0.146739, -0.967523, -0.028915, 0.0, 0.0, 0.0, 1.0],
                [0.999996, -0.001072, 0.00256, 0.0, -0.000848, -0.9963, -0.085943, 0.271711, 0.002643, 0.085941, -0.996297, -0.028915, 0.0, 0.0, 0.0, 1.0]
            ]
        },
        {
            "name": "Elbow_R",
            "time": [0.0, 0.6667],
            "transform": [
                [-1.0, 0.0, -0.0, -0.0, 0.0, 0.003946, -0.999992, 0.43521, -0.0, -0.999992, -0.003946, -0.000719, 0.0, 0.0, 0.0, 1.0],
                [-1.0, 0.0, -0.0, 0.0, 0.0, 0.003946, -0.999992, 0.43521, -0.0, -0.999992, -0.003946, -0.000719, 0.0, 0.0, 0.0, 1.0]
            ]
        },
        {
            "name": "Shoulder_L",
            "time": [0.0, 0.6667],
            "transform": [
                [0.0, -0.952114, -0.305743, 0.025597, 0.0, -0.305743, 0.952114, 0.401545, -1.0, 0.0, 0.0, -0.047816, 0.0, 0.0, 0.0, 1.0],
                [0.0, -0.952114, -0.305743, 0.025597, 0.0, -0.305743, 0.952114, 0.401545, -1.0, 0.0, 0.0, -0.047816, 0.0, 0.0, 0.0, 1.0]
            ]
        },
        {
            "name": "Arm_L",
            "time": [0.0, 0.2, 0.3, 0.4167, 0.6667],
            "transform": [
                [-0.40302, 0.250852, 0.88014, 0.0, -0.888553, 0.123084, -0.441953, 0.39386, -0.219196, -0.960168, 0.173291, -0.0, 0.0, 0.0, 0.0, 1.0],
                [-0.255067, 0.011428, 0.966855, 0.0, -0.922825, -0.30141, -0.239888, 0.39386, 0.288678, -0.953426, 0.087426, 0.0, 0.0, 0.0, 0.0, 1.0],
                [-0.850348, 0.426697, 0.307956, -0.0, -0.513555, -0.545309, -0.662493, 0.39386, -0.114753, -0.721502, 0.682836, 0.0, 0.0, 0.0, 0.0, 1.0],
                [-0.639072, 0.254856, -0.725696, -0.0, 0.309986, -0.778145, -0.546259, 0.39386, -0.703914, -0.574055, 0.418289, -0.0, 0.0, 0.0, 0.0, 1.0],
                [-0.40302, 0.250852, 0.88014, -0.0, -0.888553, 0.123084, -0.441953, 0.39386, -0.219197, -0.960168, 0.173291, 0.0, 0.0, 0.0, 0.0, 1.0]
            ]
        },
        {
            "name": "Hand_L",
            "time": [0.0, 0.2, 0.3, 0.4167, 0.6667],
            "transform": [
                [1.0, -0.0, 0.0, -0.0, 0.0, 0.344727, -0.938703, 0.300003, 0.0, 0.938703, 0.344726, -0.0, 0.0, 0.0, 0.0, 1.0],
                [1.0, -0.0, 0.0, 0.0, 0.0, 0.648811, -0.76095, 0.300003, 0.0, 0.76095, 0.64881, -0.0, 0.0, 0.0, 0.0, 1.0],
                [1.0, 0.0, 0.0, 0.0, -0.0, 1.0, -0.000996, 0.300003, 0.0, 0.000996, 0.999999, 0.0, 0.0, 0.0, 0.0, 1.0],
                [1.0, -0.0, 0.0, 0.0, 0.0, 1.0, -0.001012, 0.300003, 0.0, 0.001012, 0.999999, 0.0, 0.0, 0.0, 0.0, 1.0],
                [1.0, -0.0, 0.0, -0.0, 0.0, 0.344726, -0.938704, 0.300003, 0.0, 0.938703, 0.344726, 0.0, 0.0, 0.0, 0.0, 1.0]
            ]
        },
        {
            "name": "Tool_L",
            "time": [0.0, 0.2, 0.3, 0.4167, 0.6667],
            "transform": [
                [0.125319, -0.360234, 0.924406, 0.0, 0.116629, -0.919942, -0.374306, 0.271711, 0.985238, 0.15472, -0.073272, -0.028915, 0.0, 0.0, 0.0, 1.0],
                [0.125319, -0.360234, 0.924406, -0.0, 0.116629, -0.919942, -0.374306, 0.271711, 0.985238, 0.15472, -0.073272, -0.028915, 0.0, 0.0, 0.0, 1.0],
                [0.125319, -0.360234, 0.924406, 0.0, 0.116629, -0.919942, -0.374306, 0.271711, 0.985238, 0.15472, -0.073272, -0.028915, 0.0, 0.0, 0.0, 1.0],
                [0.125319, -0.360234, 0.924406, 0.0, 0.116629, -0.919942, -0.374306, 0.271711, 0.985238, 0.15472, -0.073272, -0.028915, 0.0, 0.0, 0.0, 1.0],
                [0.125319, -0.360234, 0.924406, -0.0, 0.116629, -0.919942, -0.374306, 0.271711, 0.985238, 0.15472, -0.073272, -0.028915, 0.0, 0.0, 0.0, 1.0]
            ]
        },
        {
            "name": "Elbow_L",
            "time": [0.0, 0.6667],
            "transform": [
                [-1.0, 0.0, -0.0, 0.0, 0.0, 0.003946, -0.999992, 0.413416, -0.0, -0.999993, -0.003946, -0.000805, 0.0, 0.0, 0.0, 1.0],
                [-1.0, 0.0, -0.0, -0.0, 0.0, 0.003946, -0.999992, 0.413417, -0.0, -0.999992, -0.003946, -0.000805, 0.0, 0.0, 0.0, 1.0]
            ]
        },
        {
            "name": "IK-Thigh_R",
            "time": [0.0, 0.2, 0.3, 0.4167, 0.6667],
            "transform": [
                [1.0, -0.0, -0.0, 0.124994, -0.0, -0.998864, -0.047667, 0.003054, -0.0, 0.047667, -0.998863, 0.035299, 0.0, 0.0, 0.0, 1.0],
                [1.0, -0.0, -0.0, 0.124994, -0.0, -0.950301, -0.311334, 0.003054, -0.0, 0.311334, -0.950301, 0.035299, 0.0, 0.0, 0.0, 1.0],
                [1.0, -2e-06, -0.0, 0.124994, -1e-06, -0.894037, -0.447994, 0.008262, 1e-06, 0.447994, -0.894037, 0.009262, 0.0, 0.0, 0.0, 1.0],
                [1.0, -7e-06, 1e-06, 0.124994, -7e-06, -0.9912, -0.132376, 0.014825, 2e-06, 0.132376, -0.9912, -0.023552, 0.0, 0.0, 0.0, 1.0],
                [1.0, -0.0, -0.0, 0.124994, -0.0, -0.998864, -0.047667, 0.003054, -0.0, 0.047667, -0.998863, 0.035299, 0.0, 0.0, 0.0, 1.0]
            ]
        },
        {
            "name": "IK-Leg_R",
            "time": [0.0, 0.6667],
            "transform": [
                [1.0, 0.0, 1e-06, -0.0, -0.0, 0.999999, 0.001468, 0.374726, -1e-06, -0.001468, 0.999999, -0.0, 0.0, 0.0, 0.0, 1.0],
                [1.0, 0.0, 1e-06, 0.0, -0.0, 0.999999, 0.001468, 0.374726, -1e-06, -0.001468, 0.999999, -0.0, 0.0, 0.0, 0.0, 1.0]
            ]
        },
        {
            "name": "IK-Thigh_L",
            "time": [0.0, 0.2, 0.3, 0.4167, 0.6667],
            "transform": [
                [1.0, -3e-06, 0.0, -0.125006, -3e-06, -0.968658, 0.2484, -0.002831, -1e-06, -0.248401, -0.968658, -0.070633, 0.0, 0.0, 0.0, 1.0],
                [1.0, -1.5e-05, 6e-06, -0.125006, -1.2e-05, -0.452394, 0.891818, -0.002831, -1.1e-05, -0.891819, -0.452394, -0.070633, 0.0, 0.0, 0.0, 1.0],
                [1.0, -1.3e-05, 3e-06, -0.125006, -1e-05, -0.541422, 0.840752, 0.012791, -9e-06, -0.840752, -0.541421, -0.034181, 0.0, 0.0, 0.0, 1.0],
                [1.0, -6e-06, 1e-06, -0.125006, -5e-06, -0.799102, 0.601196, 0.03248, -3e-06, -0.601196, -0.799102, 0.011758, 0.0, 0.0, 0.0, 1.0],
                [1.0, -3e-06, 0.0, -0.125006, -3e-06, -0.968658, 0.2484, -0.002831, -1e-06, -0.248401, -0.968658, -0.070633, 0.0, 0.0, 0.0, 1.0]
            ]
        }
    ]
}