{
  "constructor": {
    "invocation_command": "(0.17#F,epic_fight_musket_compat:biped/combat/bayonet_charge#java.lang.String,epicfight:entity/biped#yesman.epicfight.api.model.Armature,[(0.0#F,0.4#F,0.5#F,0.8#F,0.8#F,0.8#F,MAIN_HAND#net.minecraft.world.InteractionHand,epicfight:entity/biped.Tool_R#yesman.epicfight.api.animation.Joint,(3#I,0.4d#D,0.7d#D,0.4d#D,0.0d#D,-0.5d#D,0.0d#D)#yesman.epicfight.api.collider.MultiOBBCollider)]#yesman.epicfight.api.animation.types.AttackAnimation$Phase)#yesman.epicfight.api.animation.types.DashAttackAnimation"
  },
  "animation": [
    {
      "name": "Root",
      "time": [
        0.0,
        0.1667,
        0.3333,
        0.5,
        0.6667,
        0.7,
        0.75,
        0.8333,
        1.1667
      ],
      "transform": [
        [
          1.0,
          0.0,
          0.0,
          -5e-06,
          0.0,
          0.0,
          -1.0,
          0.000946,
          0.0,
          1.0,
          0.0,
          0.763972,
          0.0,
          0.0,
          0.0,
          1.0
        ],
        [
          1.0,
          0.0,
          0.0,
          -5e-06,
          0.0,
          0.0,
          -1.0,
          -0.134843,
          0.0,
          1.0,
          0.0,
          0.72733,
          0.0,
          0.0,
          0.0,
          1.0
        ],
        [
          1.0,
          0.0,
          0.0,
          -5e-06,
          0.0,
          0.0,
          -1.0,
          -0.270632,
          0.0,
          1.0,
          0.0,
          0.690689,
          0.0,
          0.0,
          0.0,
          1.0
        ],
        [
          1.0,
          0.0,
          0.0,
          -5e-06,
          0.0,
          0.0,
          -1.0,
          0.095352,
          0.0,
          1.0,
          0.0,
          0.696293,
          0.0,
          0.0,
          0.0,
          1.0
        ],
        [
          1.0,
          0.0,
          0.0,
          -5e-06,
          0.0,
          0.0,
          -1.0,
          0.461336,
          0.0,
          1.0,
          0.0,
          0.701897,
          0.0,
          0.0,
          0.0,
          1.0
        ],
        [
          1.0,
          0.0,
          0.0,
          -5e-06,
          0.0,
          0.0,
          -1.0,
          0.503894,
          0.0,
          1.0,
          0.0,
          0.701897,
          0.0,
          0.0,
          0.0,
          1.0
        ],
        [
          1.0,
          0.0,
          0.0,
          -5e-06,
          0.0,
          0.0,
          -1.0,
          0.55635,
          0.0,
          1.0,
          0.0,
          0.701897,
          0.0,
          0.0,
          0.0,
          1.0
        ],
        [
          1.0,
          0.0,
          0.0,
          -5e-06,
          0.0,
          0.0,
          -1.0,
          0.620008,
          0.0,
          1.0,
          0.0,
          0.701897,
          0.0,
          0.0,
          0.0,
          1.0
        ],
        [
          1.0,
          0.0,
          0.0,
          -5e-06,
          0.0,
          0.0,
          -1.0,
          0.688965,
          0.0,
          1.0,
          0.0,
          0.701897,
          0.0,
          0.0,
          0.0,
          1.0
        ]
      ]
    },
    {
      "name": "Thigh_R",
      "time": [
        0.0,
        0.1667,
        0.3333,
        0.5,
        0.6667,
        0.7,
        0.75,
        0.8333,
        1.1667
      ],
      "transform": [
        [
          1.0,
          -0.0,
          -0.0,
          0.124994,
          -0.0,
          -0.998131,
          -0.061108,
          -0.00251,
          -0.0,
          0.061108,
          -0.998131,
          0.057555,
          0.0,
          0.0,
          0.0,
          1.0
        ],
        [
          1.0,
          -0.0,
          -0.0,
          0.124994,
          -0.0,
          -0.98264,
          -0.185527,
          -0.00262,
          -0.0,
          0.185527,
          -0.982639,
          0.083419,
          0.0,
          0.0,
          0.0,
          1.0
        ],
        [
          1.0,
          -7e-06,
          1e-06,
          0.124994,
          -7e-06,
          -0.999864,
          0.016512,
          -0.00251,
          1e-06,
          -0.016512,
          -0.999864,
          0.109284,
          0.0,
          0.0,
          0.0,
          1.0
        ],
        [
          1.0,
          -1.9e-05,
          1.2e-05,
          0.124994,
          -2e-05,
          -0.519921,
          0.854215,
          -0.000162,
          -1e-05,
          -0.854215,
          -0.519921,
          0.005827,
          0.0,
          0.0,
          0.0,
          1.0
        ],
        [
          1.0,
          -6e-06,
          1e-06,
          0.124994,
          -5e-06,
          -0.835807,
          0.549023,
          0.001801,
          -3e-06,
          -0.549023,
          -0.835807,
          -0.097633,
          0.0,
          0.0,
          0.0,
          1.0
        ],
        [
          1.0,
          -6e-06,
          1e-06,
          0.124994,
          -6e-06,
          -0.865069,
          0.501654,
          0.002974,
          -3e-06,
          -0.501654,
          -0.865069,
          -0.095363,
          0.0,
          0.0,
          0.0,
          1.0
        ],
        [
          1.0,
          -7e-06,
          1e-06,
          0.124994,
          -6e-06,
          -0.88869,
          0.45851,
          0.005869,
          -2e-06,
          -0.45851,
          -0.88869,
          -0.084452,
          0.0,
          0.0,
          0.0,
          1.0
        ],
        [
          1.0,
          -6e-06,
          1e-06,
          0.124994,
          -6e-06,
          -0.941984,
          0.335659,
          0.012857,
          -1e-06,
          -0.335659,
          -0.941984,
          -0.051517,
          0.0,
          0.0,
          0.0,
          1.0
        ],
        [
          1.0,
          -0.0,
          -0.0,
          0.124994,
          -0.0,
          -0.99475,
          -0.102338,
          0.037368,
          -0.0,
          0.102338,
          -0.99475,
          0.080203,
          0.0,
          0.0,
          0.0,
          1.0
        ]
      ]
    },
    {
      "name": "Leg_R",
      "time": [
        0.0,
        0.1667,
        0.3333,
        0.5,
        0.6667,
        0.7,
        0.75,
        0.8333,
        1.1667
      ],
      "transform": [
        [
          1.0,
          0.0,
          1e-06,
          0.0,
          -0.0,
          0.999999,
          0.001468,
          0.374726,
          -1e-06,
          -0.001468,
          0.999999,
          -0.0,
          0.0,
          0.0,
          0.0,
          1.0
        ],
        [
          1.0,
          0.0,
          1e-06,
          -0.0,
          -0.0,
          0.999999,
          0.001461,
          0.374726,
          -1e-06,
          -0.001461,
          0.999999,
          0.0,
          0.0,
          0.0,
          0.0,
          1.0
        ],
        [
          1.0,
          1.4e-05,
          6e-06,
          0.0,
          -1.4e-05,
          0.758672,
          0.651472,
          0.374726,
          4e-06,
          -0.651472,
          0.758672,
          0.0,
          0.0,
          0.0,
          0.0,
          1.0
        ],
        [
          1.0,
          1.7e-05,
          3.4e-05,
          0.0,
          -1.7e-05,
          -0.605811,
          0.795608,
          0.374726,
          3.4e-05,
          -0.795608,
          -0.605811,
          -0.0,
          0.0,
          0.0,
          0.0,
          1.0
        ],
        [
          1.0,
          1.1e-05,
          4e-06,
          0.0,
          -1.2e-05,
          0.844146,
          0.536112,
          0.374726,
          3e-06,
          -0.536112,
          0.844147,
          0.0,
          0.0,
          0.0,
          0.0,
          1.0
        ],
        [
          1.0,
          1.1e-05,
          4e-06,
          -0.0,
          -1.2e-05,
          0.837294,
          0.546753,
          0.374726,
          3e-06,
          -0.546754,
          0.837294,
          0.0,
          0.0,
          0.0,
          0.0,
          1.0
        ],
        [
          1.0,
          1.2e-05,
          5e-06,
          0.0,
          -1.3e-05,
          0.803772,
          0.594937,
          0.374726,
          4e-06,
          -0.594937,
          0.803773,
          -0.0,
          0.0,
          0.0,
          0.0,
          1.0
        ],
        [
          1.0,
          1.2e-05,
          4e-06,
          -0.0,
          -1.2e-05,
          0.834586,
          0.550878,
          0.374726,
          3e-06,
          -0.550878,
          0.834586,
          -0.0,
          0.0,
          0.0,
          0.0,
          1.0
        ],
        [
          1.0,
          0.0,
          1e-06,
          -0.0,
          -0.0,
          0.999999,
          0.001462,
          0.374726,
          -1e-06,
          -0.001462,
          0.999999,
          -0.0,
          0.0,
          0.0,
          0.0,
          1.0
        ]
      ]
    },
    {
      "name": "Knee_R",
      "time": [
        0.0,
        1.1667
      ],
      "transform": [
        [
          1.0,
          0.0,
          -0.0,
          0.0,
          -0.0,
          0.00567,
          -0.999984,
          0.374726,
          -0.0,
          0.999984,
          0.00567,
          -0.0,
          0.0,
          0.0,
          0.0,
          1.0
        ],
        [
          1.0,
          0.0,
          -0.0,
          -0.0,
          -0.0,
          0.00567,
          -0.999984,
          0.374726,
          -0.0,
          0.999984,
          0.00567,
          -0.0,
          0.0,
          0.0,
          0.0,
          1.0
        ]
      ]
    },
    {
      "name": "Thigh_L",
      "time": [
        0.0,
        0.1667,
        0.3333,
        0.5,
        0.6667,
        0.7,
        0.75,
        0.8333,
        1.1667
      ],
      "transform": [
        [
          1.0,
          -3e-06,
          0.0,
          -0.125006,
          -3e-06,
          -0.968658,
          0.2484,
          -0.002831,
          -1e-06,
          -0.248401,
          -0.968658,
          -0.070633,
          0.0,
          0.0,
          0.0,
          1.0
        ],
        [
          1.0,
          -2e-06,
          -0.0,
          -0.125006,
          -2e-06,
          -0.931207,
          0.364492,
          0.007946,
          -1e-06,
          -0.364493,
          -0.931206,
          -0.092187,
          0.0,
          0.0,
          0.0,
          1.0
        ],
        [
          1.0,
          -0.0,
          -4e-06,
          -0.125006,
          2e-06,
          -0.907309,
          0.420464,
          0.018723,
          -4e-06,
          -0.420465,
          -0.907309,
          -0.113741,
          0.0,
          0.0,
          0.0,
          1.0
        ],
        [
          1.0,
          -6e-06,
          1e-06,
          -0.125006,
          -6e-06,
          -0.943894,
          0.330249,
          0.015706,
          -1e-06,
          -0.330249,
          -0.943894,
          -0.022353,
          0.0,
          0.0,
          0.0,
          1.0
        ],
        [
          1.0,
          -0.0,
          -0.0,
          -0.125006,
          -0.0,
          -0.946781,
          -0.32188,
          0.012688,
          -0.0,
          0.32188,
          -0.946781,
          0.069036,
          0.0,
          0.0,
          0.0,
          1.0
        ],
        [
          1.0,
          -0.0,
          -0.0,
          -0.125006,
          -0.0,
          -0.932431,
          -0.361349,
          0.011883,
          -0.0,
          0.361349,
          -0.932431,
          0.067944,
          0.0,
          0.0,
          0.0,
          1.0
        ],
        [
          1.0,
          -0.0,
          -0.0,
          -0.125006,
          -0.0,
          -0.926577,
          -0.376106,
          0.010391,
          -0.0,
          0.376106,
          -0.926577,
          0.062705,
          0.0,
          0.0,
          0.0,
          1.0
        ],
        [
          1.0,
          -0.0,
          -0.0,
          -0.125006,
          -0.0,
          -0.949682,
          -0.313218,
          0.007408,
          -0.0,
          0.313218,
          -0.949682,
          0.046896,
          0.0,
          0.0,
          0.0,
          1.0
        ],
        [
          1.0,
          -4e-06,
          0.0,
          -0.125006,
          -4e-06,
          -0.903468,
          0.428656,
          -0.001539,
          -2e-06,
          -0.428656,
          -0.903468,
          -0.016325,
          0.0,
          0.0,
          0.0,
          1.0
        ]
      ]
    },
    {
      "name": "Leg_L",
      "time": [
        0.0,
        0.1667,
        0.3333,
        0.5,
        0.6667,
        0.7,
        0.75,
        0.8333,
        1.1667
      ],
      "transform": [
        [
          1.0,
          5e-06,
          1e-06,
          -0.0,
          -6e-06,
          0.965395,
          0.260791,
          0.374726,
          0.0,
          -0.260791,
          0.965395,
          -0.0,
          0.0,
          0.0,
          0.0,
          1.0
        ],
        [
          1.0,
          4e-06,
          1e-06,
          -0.0,
          -4e-06,
          0.982996,
          0.183625,
          0.374726,
          -0.0,
          -0.183626,
          0.982996,
          0.0,
          0.0,
          0.0,
          0.0,
          1.0
        ],
        [
          1.0,
          0.0,
          1e-06,
          -0.0,
          -0.0,
          0.999999,
          0.001462,
          0.374726,
          -1e-06,
          -0.001462,
          0.999999,
          0.0,
          0.0,
          0.0,
          0.0,
          1.0
        ],
        [
          1.0,
          1.1e-05,
          4e-06,
          0.0,
          -1.2e-05,
          0.844399,
          0.535715,
          0.374726,
          3e-06,
          -0.535715,
          0.844399,
          -0.0,
          0.0,
          0.0,
          0.0,
          1.0
        ],
        [
          1.0,
          0.0,
          1e-06,
          0.0,
          -0.0,
          0.999999,
          0.001461,
          0.374726,
          -1e-06,
          -0.001461,
          0.999999,
          0.0,
          0.0,
          0.0,
          0.0,
          1.0
        ],
        [
          1.0,
          0.0,
          1e-06,
          -0.0,
          -0.0,
          0.999999,
          0.001462,
          0.374726,
          -1e-06,
          -0.001462,
          0.999999,
          0.0,
          0.0,
          0.0,
          0.0,
          1.0
        ],
        [
          1.0,
          0.0,
          1e-06,
          0.0,
          -0.0,
          0.999999,
          0.001463,
          0.374726,
          -1e-06,
          -0.001463,
          0.999999,
          -0.0,
          0.0,
          0.0,
          0.0,
          1.0
        ],
        [
          1.0,
          0.0,
          1e-06,
          0.0,
          -0.0,
          0.999999,
          0.001461,
          0.374726,
          -1e-06,
          -0.001461,
          0.999999,
          -0.0,
          0.0,
          0.0,
          0.0,
          1.0
        ],
        [
          1.0,
          8e-06,
          2e-06,
          -0.0,
          -9e-06,
          0.915763,
          0.401718,
          0.374726,
          1e-06,
          -0.401718,
          0.915763,
          0.0,
          0.0,
          0.0,
          0.0,
          1.0
        ]
      ]
    },
    {
      "name": "Knee_L",
      "time": [
        0.0,
        1.1667
      ],
      "transform": [
        [
          1.0,
          0.0,
          -0.0,
          -0.0,
          -0.0,
          0.00567,
          -0.999984,
          0.374726,
          -0.0,
          0.999984,
          0.00567,
          0.0,
          0.0,
          0.0,
          0.0,
          1.0
        ],
        [
          1.0,
          0.0,
          -0.0,
          -0.0,
          -0.0,
          0.00567,
          -0.999984,
          0.374726,
          -0.0,
          0.999984,
          0.00567,
          0.0,
          0.0,
          0.0,
          0.0,
          1.0
        ]
      ]
    },
    {
      "name": "Torso",
      "time": [
        0.0,
        0.1667,
        0.3333,
        0.5,
        0.6667,
        0.7,
        0.75,
        0.8333,
        1.1667
      ],
      "transform": [
        [
          0.972875,
          0.0,
          -0.231332,
          0.0,
          0.0,
          1.0,
          0.0,
          0.05,
          0.231332,
          0.0,
          0.972875,
          0.0,
          0.0,
          0.0,
          0.0,
          1.0
        ],
        [
          0.934479,
          0.0,
          -0.356018,
          0.0,
          0.0,
          1.0,
          0.0,
          0.05,
          0.356018,
          0.0,
          0.934479,
          0.0,
          0.0,
          0.0,
          0.0,
          1.0
        ],
        [
          0.880177,
          0.0,
          -0.474645,
          0.0,
          0.0,
          1.0,
          0.0,
          0.05,
          0.474645,
          0.0,
          0.880177,
          0.0,
          0.0,
          0.0,
          0.0,
          1.0
        ],
        [
          0.995719,
          0.0,
          -0.09243,
          0.0,
          0.0,
          1.0,
          0.0,
          0.05,
          0.09243,
          0.0,
          0.995719,
          0.0,
          0.0,
          0.0,
          0.0,
          1.0
        ],
        [
          0.952506,
          0.0,
          0.304521,
          0.0,
          0.0,
          1.0,
          0.0,
          0.05,
          -0.304521,
          0.0,
          0.952506,
          0.0,
          0.0,
          0.0,
          0.0,
          1.0
        ],
        [
          0.954858,
          0.0,
          0.297062,
          0.0,
          0.0,
          1.0,
          0.0,
          0.05,
          -0.297062,
          0.0,
          0.954858,
          0.0,
          0.0,
          0.0,
          0.0,
          1.0
        ],
        [
          0.965397,
          0.0,
          0.260784,
          0.0,
          0.0,
          1.0,
          0.0,
          0.05,
          -0.260784,
          0.0,
          0.965397,
          0.0,
          0.0,
          0.0,
          0.0,
          1.0
        ],
        [
          0.988963,
          0.0,
          0.14816,
          0.0,
          0.0,
          1.0,
          0.0,
          0.05,
          -0.14816,
          0.0,
          0.988963,
          0.0,
          0.0,
          0.0,
          0.0,
          1.0
        ],
        [
          0.951062,
          0.0,
          -0.309001,
          0.0,
          0.0,
          1.0,
          0.0,
          0.05,
          0.309001,
          0.0,
          0.951062,
          0.0,
          0.0,
          0.0,
          0.0,
          1.0
        ]
      ]
    },
    {
      "name": "Chest",
      "time": [
        0.0,
        0.1667,
        0.3333,
        0.5,
        0.6667,
        0.7,
        0.75,
        0.8333,
        1.1667
      ],
      "transform": [
        [
          0.786187,
          0.0,
          -0.617989,
          -0.0,
          0.0,
          1.0,
          0.0,
          0.3,
          0.617989,
          0.0,
          0.786187,
          0.0,
          0.0,
          0.0,
          0.0,
          1.0
        ],
        [
          0.691416,
          0.0,
          -0.722457,
          -0.0,
          0.0,
          1.0,
          0.0,
          0.3,
          0.722457,
          0.0,
          0.691416,
          0.0,
          0.0,
          0.0,
          0.0,
          1.0
        ],
        [
          0.58289,
          0.0,
          -0.812551,
          0.0,
          0.0,
          1.0,
          0.0,
          0.3,
          0.812551,
          0.0,
          0.58289,
          -0.0,
          0.0,
          0.0,
          0.0,
          1.0
        ],
        [
          0.952631,
          0.0,
          -0.30413,
          0.0,
          0.0,
          1.0,
          0.0,
          0.3,
          0.30413,
          0.0,
          0.952631,
          0.0,
          0.0,
          0.0,
          0.0,
          1.0
        ],
        [
          0.945891,
          0.0,
          0.324483,
          -0.0,
          0.0,
          1.0,
          0.0,
          0.3,
          -0.324483,
          0.0,
          0.945891,
          -0.0,
          0.0,
          0.0,
          0.0,
          1.0
        ],
        [
          0.948762,
          0.0,
          0.315991,
          -0.0,
          0.0,
          1.0,
          0.0,
          0.3,
          -0.315991,
          0.0,
          0.948762,
          0.0,
          0.0,
          0.0,
          0.0,
          1.0
        ],
        [
          0.961565,
          0.0,
          0.274579,
          -0.0,
          0.0,
          1.0,
          0.0,
          0.3,
          -0.274579,
          0.0,
          0.961565,
          -0.0,
          0.0,
          0.0,
          0.0,
          1.0
        ],
        [
          0.989412,
          0.0,
          0.145138,
          -0.0,
          0.0,
          1.0,
          0.0,
          0.3,
          -0.145138,
          0.0,
          0.989412,
          -0.0,
          0.0,
          0.0,
          0.0,
          1.0
        ],
        [
          0.92569,
          0.0,
          -0.378284,
          0.0,
          0.0,
          1.0,
          0.0,
          0.3,
          0.378284,
          0.0,
          0.92569,
          -0.0,
          0.0,
          0.0,
          0.0,
          1.0
        ]
      ]
    },
    {
      "name": "Head",
      "time": [
        0.0,
        0.1667,
        0.3333,
        0.5,
        0.6667,
        0.7,
        0.75,
        0.8333,
        1.1667
      ],
      "transform": [
        [
          0.614053,
          0.0,
          0.789265,
          0.0,
          0.0,
          1.0,
          0.0,
          0.4,
          -0.789265,
          0.0,
          0.614053,
          0.0,
          0.0,
          0.0,
          0.0,
          1.0
        ],
        [
          0.392067,
          0.0,
          0.919937,
          -0.0,
          0.0,
          1.0,
          0.0,
          0.4,
          -0.919937,
          0.0,
          0.392067,
          -0.0,
          0.0,
          0.0,
          0.0,
          1.0
        ],
        [
          0.122131,
          0.0,
          0.992514,
          0.0,
          0.0,
          1.0,
          0.0,
          0.4,
          -0.992514,
          0.0,
          0.122131,
          -0.0,
          0.0,
          0.0,
          0.0,
          1.0
        ],
        [
          0.945002,
          0.0,
          0.327066,
          0.0,
          0.0,
          1.0,
          0.0,
          0.4,
          -0.327066,
          0.0,
          0.945001,
          0.0,
          0.0,
          0.0,
          0.0,
          1.0
        ],
        [
          0.774091,
          0.0,
          -0.633074,
          0.0,
          0.0,
          1.0,
          0.0,
          0.4,
          0.633074,
          0.0,
          0.774091,
          -0.0,
          0.0,
          0.0,
          0.0,
          1.0
        ],
        [
          0.784489,
          0.0,
          -0.620143,
          -0.0,
          0.0,
          1.0,
          0.0,
          0.4,
          0.620143,
          0.0,
          0.784488,
          -0.0,
          0.0,
          0.0,
          0.0,
          1.0
        ],
        [
          0.832227,
          0.0,
          -0.554435,
          -0.0,
          0.0,
          1.0,
          0.0,
          0.4,
          0.554435,
          0.0,
          0.832227,
          0.0,
          0.0,
          0.0,
          0.0,
          1.0
        ],
        [
          0.94591,
          0.0,
          -0.324429,
          0.0,
          0.0,
          1.0,
          0.0,
          0.4,
          0.324429,
          0.0,
          0.94591,
          -0.0,
          0.0,
          0.0,
          0.0,
          1.0
        ],
        [
          0.746829,
          0.0,
          0.665017,
          0.0,
          0.0,
          1.0,
          0.0,
          0.4,
          -0.665017,
          0.0,
          0.746829,
          -0.0,
          0.0,
          0.0,
          0.0,
          1.0
        ]
      ]
    },
    {
      "name": "Shoulder_R",
      "time": [
        0.0,
        1.1667
      ],
      "transform": [
        [
          0.0,
          0.952114,
          0.305743,
          0.0,
          0.0,
          -0.305743,
          0.952114,
          0.4,
          1.0,
          0.0,
          -0.0,
          0.0,
          0.0,
          0.0,
          0.0,
          1.0
        ],
        [
          0.0,
          0.952114,
          0.305743,
          0.0,
          0.0,
          -0.305743,
          0.952114,
          0.4,
          1.0,
          0.0,
          -0.0,
          -0.0,
          0.0,
          0.0,
          0.0,
          1.0
        ]
      ]
    },
    {
      "name": "Arm_R",
      "time": [
        0.0,
        0.1667,
        0.3333,
        0.5,
        0.6667,
        0.7,
        0.75,
        0.8333,
        1.1667
      ],
      "transform": [
        [
          -0.548373,
          -0.805061,
          -0.226196,
          0.0,
          0.65464,
          -0.244981,
          -0.715144,
          0.39386,
          0.52032,
          -0.540242,
          0.661366,
          0.0,
          0.0,
          0.0,
          0.0,
          1.0
        ],
        [
          -0.53778,
          -0.531555,
          -0.654402,
          0.0,
          0.242306,
          0.646003,
          -0.723856,
          0.39386,
          0.807515,
          -0.547841,
          -0.218609,
          -0.0,
          0.0,
          0.0,
          0.0,
          1.0
        ],
        [
          -0.72538,
          -0.408395,
          -0.554109,
          -0.0,
          -0.105268,
          0.861331,
          -0.49702,
          0.39386,
          0.680251,
          -0.302198,
          -0.667784,
          -0.0,
          0.0,
          0.0,
          0.0,
          1.0
        ],
        [
          -0.516521,
          0.272007,
          -0.811922,
          0.0,
          0.743631,
          0.612594,
          -0.267847,
          0.393861,
          0.424522,
          -0.742119,
          -0.518691,
          -0.0,
          0.0,
          0.0,
          0.0,
          1.0
        ],
        [
          0.044943,
          -0.181328,
          -0.982396,
          0.0,
          0.993799,
          -0.091995,
          0.062444,
          0.39386,
          -0.101698,
          -0.979111,
          0.176069,
          0.0,
          0.0,
          0.0,
          0.0,
          1.0
        ],
        [
          -0.023448,
          -0.31998,
          -0.947134,
          -0.0,
          0.932182,
          0.335322,
          -0.136363,
          0.39386,
          0.361228,
          -0.886099,
          0.290418,
          0.0,
          0.0,
          0.0,
          0.0,
          1.0
        ],
        [
          -0.011947,
          -0.466233,
          -0.884582,
          0.0,
          0.876897,
          0.420244,
          -0.233339,
          0.39386,
          0.48053,
          -0.778475,
          0.403817,
          -0.0,
          0.0,
          0.0,
          0.0,
          1.0
        ],
        [
          -0.111325,
          -0.620371,
          -0.776367,
          0.0,
          0.898566,
          0.270854,
          -0.345278,
          0.393861,
          0.424483,
          -0.736055,
          0.527292,
          0.0,
          0.0,
          0.0,
          0.0,
          1.0
        ],
        [
          -0.420933,
          -0.263317,
          -0.868032,
          0.0,
          0.613575,
          0.622149,
          -0.486269,
          0.393861,
          0.668087,
          -0.73729,
          -0.100318,
          -0.0,
          0.0,
          0.0,
          0.0,
          1.0
        ]
      ]
    },
    {
      "name": "Hand_R",
      "time": [
        0.0,
        0.1667,
        0.3333,
        0.5,
        0.6667,
        0.7,
        0.75,
        0.8333,
        1.1667
      ],
      "transform": [
        [
          1.0,
          -4e-06,
          3e-06,
          0.0,
          4e-06,
          0.189024,
          -0.981973,
          0.300003,
          3e-06,
          0.981973,
          0.189024,
          0.0,
          0.0,
          0.0,
          0.0,
          1.0
        ],
        [
          1.0,
          -3e-06,
          5e-06,
          0.0,
          3e-06,
          -0.421136,
          -0.906998,
          0.300002,
          5e-06,
          0.906998,
          -0.421136,
          -0.0,
          0.0,
          0.0,
          0.0,
          1.0
        ],
        [
          1.0,
          -4e-06,
          3e-06,
          0.0,
          3e-06,
          0.272296,
          -0.962214,
          0.300003,
          3e-06,
          0.962214,
          0.272296,
          -0.0,
          0.0,
          0.0,
          0.0,
          1.0
        ],
        [
          1.0,
          -3e-06,
          6e-06,
          -0.0,
          3e-06,
          -0.721301,
          -0.692622,
          0.300003,
          6e-06,
          0.692621,
          -0.721301,
          -0.0,
          0.0,
          0.0,
          0.0,
          1.0
        ],
        [
          1.0,
          -3e-06,
          6e-06,
          -0.0,
          3e-06,
          -0.614488,
          -0.788926,
          0.300003,
          6e-06,
          0.788926,
          -0.614488,
          -0.0,
          0.0,
          0.0,
          0.0,
          1.0
        ],
        [
          1.0,
          -3e-06,
          6e-06,
          0.0,
          3e-06,
          -0.49882,
          -0.866706,
          0.300003,
          5e-06,
          0.866706,
          -0.49882,
          -0.0,
          0.0,
          0.0,
          0.0,
          1.0
        ],
        [
          1.0,
          -3e-06,
          5e-06,
          0.0,
          3e-06,
          -0.305946,
          -0.952049,
          0.300003,
          5e-06,
          0.952049,
          -0.305946,
          0.0,
          0.0,
          0.0,
          0.0,
          1.0
        ],
        [
          1.0,
          -4e-06,
          4e-06,
          0.0,
          4e-06,
          -0.033809,
          -0.999428,
          0.300002,
          4e-06,
          0.999428,
          -0.033809,
          -0.0,
          0.0,
          0.0,
          0.0,
          1.0
        ],
        [
          1.0,
          -3e-06,
          5e-06,
          0.0,
          3e-06,
          -0.404417,
          -0.914575,
          0.300003,
          5e-06,
          0.914574,
          -0.404417,
          0.0,
          0.0,
          0.0,
          0.0,
          1.0
        ]
      ]
    },
    {
      "name": "Tool_R",
      "time": [
        0.0,
        0.1667,
        0.3333,
        0.5,
        0.6667,
        0.7,
        0.75,
        0.8333,
        1.1667
      ],
      "transform": [
        [
          0.932253,
          0.233399,
          -0.276459,
          -0.0,
          -0.099514,
          -0.569224,
          -0.816138,
          0.271711,
          -0.347853,
          0.788359,
          -0.507435,
          -0.028915,
          0.0,
          0.0,
          0.0,
          1.0
        ],
        [
          0.667058,
          0.344127,
          -0.660765,
          0.0,
          0.048986,
          -0.905267,
          -0.42201,
          0.271711,
          -0.743394,
          0.249137,
          -0.620724,
          -0.028915,
          0.0,
          0.0,
          0.0,
          1.0
        ],
        [
          0.733644,
          0.071459,
          -0.675767,
          0.0,
          0.55623,
          -0.634407,
          0.536784,
          0.271711,
          -0.390353,
          -0.76969,
          -0.505177,
          -0.028915,
          0.0,
          0.0,
          0.0,
          1.0
        ],
        [
          0.953368,
          -0.277008,
          -0.119813,
          -0.0,
          -0.296518,
          -0.933693,
          -0.200735,
          0.271711,
          -0.056264,
          0.226901,
          -0.972292,
          -0.028915,
          0.0,
          0.0,
          0.0,
          1.0
        ],
        [
          0.746158,
          -0.558528,
          0.362345,
          -0.0,
          -0.137518,
          -0.661811,
          -0.73695,
          0.271711,
          0.651411,
          0.500052,
          -0.570624,
          -0.028915,
          0.0,
          0.0,
          0.0,
          1.0
        ],
        [
          0.772103,
          -0.628379,
          -0.094853,
          -0.0,
          -0.552477,
          -0.589958,
          -0.588829,
          0.271711,
          0.314048,
          0.507041,
          -0.802673,
          -0.028915,
          0.0,
          0.0,
          0.0,
          1.0
        ],
        [
          0.80087,
          -0.558952,
          -0.214894,
          0.0,
          -0.573389,
          -0.612258,
          -0.544394,
          0.271711,
          0.17272,
          0.559207,
          -0.810837,
          -0.028915,
          0.0,
          0.0,
          0.0,
          1.0
        ],
        [
          0.900042,
          -0.384111,
          -0.205872,
          0.0,
          -0.42917,
          -0.699105,
          -0.571896,
          0.271711,
          0.075746,
          0.603085,
          -0.794073,
          -0.028915,
          0.0,
          0.0,
          0.0,
          1.0
        ],
        [
          0.862296,
          0.202066,
          -0.464344,
          0.0,
          -0.073155,
          -0.857619,
          -0.509057,
          0.271711,
          -0.501093,
          0.472927,
          -0.724739,
          -0.028915,
          0.0,
          0.0,
          0.0,
          1.0
        ]
      ]
    },
    {
      "name": "Elbow_R",
      "time": [
        0.0,
        1.1667
      ],
      "transform": [
        [
          -1.0,
          0.0,
          -0.0,
          0.0,
          -0.0,
          0.003946,
          -0.999992,
          0.428577,
          -0.0,
          -0.999992,
          -0.003946,
          -0.000745,
          0.0,
          0.0,
          0.0,
          1.0
        ],
        [
          -1.0,
          0.0,
          -0.0,
          0.0,
          0.0,
          0.003946,
          -0.999992,
          0.447206,
          -0.0,
          -0.999992,
          -0.003946,
          -0.000671,
          0.0,
          0.0,
          0.0,
          1.0
        ]
      ]
    },
    {
      "name": "Shoulder_L",
      "time": [
        0.0,
        1.1667
      ],
      "transform": [
        [
          0.0,
          -0.952114,
          -0.305743,
          0.049421,
          0.0,
          -0.305743,
          0.952114,
          0.4,
          -1.0,
          0.0,
          0.0,
          -0.066392,
          0.0,
          0.0,
          0.0,
          1.0
        ],
        [
          0.0,
          -0.952114,
          -0.305743,
          0.049421,
          0.0,
          -0.305743,
          0.952114,
          0.4,
          -1.0,
          0.0,
          0.0,
          -0.066392,
          0.0,
          0.0,
          0.0,
          1.0
        ]
      ]
    },
    {
      "name": "Arm_L",
      "time": [
        0.0,
        0.1667,
        0.3333,
        0.5,
        0.6667,
        0.7,
        0.75,
        0.8333,
        1.1667
      ],
      "transform": [
        [
          -0.233464,
          0.696969,
          0.678032,
          -0.0,
          -0.833379,
          0.215834,
          -0.508816,
          0.39386,
          -0.500972,
          -0.683848,
          0.530451,
          0.0,
          0.0,
          0.0,
          0.0,
          1.0
        ],
        [
          -0.163713,
          0.191669,
          0.967709,
          0.0,
          -0.986225,
          -0.055271,
          -0.155898,
          0.39386,
          0.023606,
          -0.979902,
          0.198078,
          -0.0,
          0.0,
          0.0,
          0.0,
          1.0
        ],
        [
          0.026829,
          0.131618,
          0.990937,
          -0.0,
          -0.972839,
          -0.224564,
          0.056166,
          0.39386,
          0.229921,
          -0.965529,
          0.122019,
          -0.0,
          0.0,
          0.0,
          0.0,
          1.0
        ],
        [
          -0.781921,
          0.383412,
          0.491523,
          0.0,
          -0.621383,
          -0.416358,
          -0.663723,
          0.39386,
          -0.04983,
          -0.824403,
          0.563805,
          -0.0,
          0.0,
          0.0,
          0.0,
          1.0
        ],
        [
          -0.605165,
          0.449128,
          -0.657313,
          0.0,
          0.057287,
          -0.798957,
          -0.598653,
          0.39386,
          -0.794037,
          -0.399939,
          0.457772,
          -0.0,
          0.0,
          0.0,
          0.0,
          1.0
        ],
        [
          -0.609364,
          0.450367,
          -0.652568,
          0.0,
          0.054564,
          -0.797253,
          -0.601173,
          0.39386,
          -0.791011,
          -0.40194,
          0.461244,
          -0.0,
          0.0,
          0.0,
          0.0,
          1.0
        ],
        [
          -0.629927,
          0.46045,
          -0.625442,
          0.0,
          0.033734,
          -0.788321,
          -0.614338,
          0.39386,
          -0.775921,
          -0.408087,
          0.481052,
          -0.0,
          0.0,
          0.0,
          0.0,
          1.0
        ],
        [
          -0.694374,
          0.50344,
          -0.514191,
          -0.0,
          -0.063693,
          -0.754729,
          -0.652936,
          0.39386,
          -0.71679,
          -0.420631,
          0.556131,
          -0.0,
          0.0,
          0.0,
          0.0,
          1.0
        ],
        [
          -0.571313,
          0.779519,
          0.256808,
          0.0,
          -0.775633,
          -0.410512,
          -0.479451,
          0.39386,
          -0.268319,
          -0.473105,
          0.839152,
          -0.0,
          0.0,
          0.0,
          0.0,
          1.0
        ]
      ]
    },
    {
      "name": "Hand_L",
      "time": [
        0.0,
        0.1667,
        0.3333,
        0.5,
        0.6667,
        0.7,
        0.75,
        0.8333,
        1.1667
      ],
      "transform": [
        [
          1.0,
          -0.0,
          0.0,
          0.0,
          0.0,
          0.232462,
          -0.972606,
          0.300003,
          0.0,
          0.972605,
          0.232462,
          0.0,
          0.0,
          0.0,
          0.0,
          1.0
        ],
        [
          1.0,
          -0.0,
          0.0,
          0.0,
          0.0,
          0.064808,
          -0.997898,
          0.300003,
          0.0,
          0.997898,
          0.064808,
          0.0,
          0.0,
          0.0,
          0.0,
          1.0
        ],
        [
          1.0,
          -0.0,
          0.0,
          -0.0,
          0.0,
          0.583038,
          -0.812446,
          0.300003,
          0.0,
          0.812445,
          0.583038,
          0.0,
          0.0,
          0.0,
          0.0,
          1.0
        ],
        [
          1.0,
