{
    "animation": [
        {
            "name": "Root",
            "time": [0.0, 0.1667, 0.6333],
            "transform": [
                [1.0, 0.0, 0.0, -5e-06, 0.0, 0.0, -1.0, 0.000946, 0.0, 1.0, 0.0, 0.763972, 0.0, 0.0, 0.0, 1.0],
                [1.0, 0.0, 0.0, -5e-06, 0.0, 0.0, -1.0, 0.326399, 0.0, 1.0, 0.0, 0.704798, 0.0, 0.0, 0.0, 1.0],
                [1.0, 0.0, 0.0, -5e-06, 0.0, 0.0, -1.0, 0.000946, 0.0, 1.0, 0.0, 0.763972, 0.0, 0.0, 0.0, 1.0]
            ]
        },
        {
            "name": "Thigh_R",
            "time": [0.0, 0.1667, 0.6333],
            "transform": [
                [1.0, -0.0, -0.0, 0.124994, -0.0, -0.998131, -0.061108, -0.00251, -0.0, 0.061108, -0.998131, 0.057555, 0.0, 0.0, 0.0, 1.0],
                [0.997005, 0.046458, 0.061832, 0.103251, 0.008058, -0.857522, 0.514384, 0.004548, 0.076919, -0.512346, -0.855328, -0.065878, 0.0, 0.0, 0.0, 1.0],
                [1.0, -0.0, -0.0, 0.124994, -0.0, -0.998131, -0.061108, -0.00251, -0.0, 0.061108, -0.998131, 0.057555, 0.0, 0.0, 0.0, 1.0]
            ]
        },
        {
            "name": "Leg_R",
            "time": [0.0, 0.1667, 0.6333],
            "transform": [
                [1.0, 0.0, 1e-06, 0.0, -0.0, 0.999999, 0.001468, 0.374726, -1e-06, -0.001468, 0.999999, -0.0, 0.0, 0.0, 0.0, 1.0],
                [1.0, 1e-05, 3e-06, -0.0, -1e-05, 0.880197, 0.474609, 0.374726, 2e-06, -0.474609, 0.880197, 0.0, 0.0, 0.0, 0.0, 1.0],
                [1.0, 0.0, 1e-06, 0.0, -0.0, 0.999999, 0.001468, 0.374726, -1e-06, -0.001468, 0.999999, -0.0, 0.0, 0.0, 0.0, 1.0]
            ]
        },
        {
            "name": "Knee_R",
            "time": [0.0, 0.6333],
            "transform": [
                [1.0, 0.0, -0.0, 0.0, -0.0, 0.00567, -0.999984, 0.374726, -0.0, 0.999984, 0.00567, -0.0, 0.0, 0.0, 0.0, 1.0],
                [1.0, 0.0, -0.0, 0.0, -0.0, 0.00567, -0.999984, 0.374726, -0.0, 0.999984, 0.00567, -0.0, 0.0, 0.0, 0.0, 1.0]
            ]
        },
        {
            "name": "Thigh_L",
            "time": [0.0, 0.1667, 0.6333],
            "transform": [
                [1.0, -3e-06, 0.0, -0.125006, -3e-06, -0.968658, 0.2484, -0.002831, -1e-06, -0.248401, -0.968658, -0.070633, 0.0, 0.0, 0.0, 1.0],
                [1.0, -5e-06, 1e-06, -0.125006, -5e-06, -0.998804, -0.048891, 0.011963, 1e-06, 0.048891, -0.998804, 0.069903, 0.0, 0.0, 0.0, 1.0],
                [1.0, -3e-06, 0.0, -0.125006, -3e-06, -0.968658, 0.2484, -0.002831, -1e-06, -0.248401, -0.968658, -0.070633, 0.0, 0.0, 0.0, 1.0]
            ]
        },
        {
            "name": "Leg_L",
            "time": [0.0, 0.1667, 0.6333],
            "transform": [
                [1.0, 5e-06, 1e-06, -0.0, -6e-06, 0.965395, 0.260791, 0.374726, 0.0, -0.260791, 0.965395, -0.0, 0.0, 0.0, 0.0, 1.0],
                [1.0, 1e-05, 3e-06, -0.0, -1e-05, 0.87607, 0.482184, 0.374726, 2e-06, -0.482184, 0.87607, -0.0, 0.0, 0.0, 0.0, 1.0],
                [1.0, 5e-06, 1e-06, -0.0, -6e-06, 0.965395, 0.260791, 0.374726, 0.0, -0.260791, 0.965395, -0.0, 0.0, 0.0, 0.0, 1.0]
            ]
        },
        {
            "name": "Knee_L",
            "time": [0.0, 0.6333],
            "transform": [
                [1.0, 0.0, -0.0, -0.0, -0.0, 0.00567, -0.999984, 0.374726, -0.0, 0.999984, 0.00567, 0.0, 0.0, 0.0, 0.0, 1.0],
                [1.0, 0.0, -0.0, -0.0, -0.0, 0.00567, -0.999984, 0.374726, -0.0, 0.999984, 0.00567, 0.0, 0.0, 0.0, 0.0, 1.0]
            ]
        },
        {
            "name": "Torso",
            "time": [0.0, 0.1667, 0.6333],
            "transform": [
                [0.972875, 0.0, -0.231332, 0.0, 0.0, 1.0, 0.0, 0.05, 0.231332, 0.0, 0.972875, 0.0, 0.0, 0.0, 0.0, 1.0],
                [0.940284, 0.0, 0.340392, 0.0, 0.0, 1.0, 0.0, 0.05, -0.340392, 0.0, 0.940284, 0.0, 0.0, 0.0, 0.0, 1.0],
                [0.972875, 0.0, -0.231332, 0.0, 0.0, 1.0, 0.0, 0.05, 0.231332, 0.0, 0.972875, 0.0, 0.0, 0.0, 0.0, 1.0]
            ]
        },
        {
            "name": "Chest",
            "time": [0.0, 0.1667, 0.6333],
            "transform": [
                [0.786187, 0.0, -0.617989, -0.0, 0.0, 1.0, 0.0, 0.3, 0.617989, 0.0, 0.786187, 0.0, 0.0, 0.0, 0.0, 1.0],
                [0.737732, 0.0, 0.675094, -0.0, 0.0, 1.0, 0.0, 0.3, -0.675094, 0.0, 0.737732, 0.0, 0.0, 0.0, 0.0, 1.0],
                [0.786187, 0.0, -0.617989, -0.0, 0.0, 1.0, 0.0, 0.3, 0.617989, 0.0, 0.786187, 0.0, 0.0, 0.0, 0.0, 1.0]
            ]
        },
        {
            "name": "Head",
            "time": [0.0, 0.1667, 0.6333],
            "transform": [
                [0.621493, -0.006627, 0.783392, 0.0, 0.004029, 0.999978, 0.005262, 0.4, -0.78341, -0.000114, 0.621506, 0.0, 0.0, 0.0, 0.0, 1.0],
                [0.610518, 0.001708, -0.792001, -0.0, 0.004029, 0.999978, 0.005262, 0.4, 0.791993, -0.006404, 0.610497, 0.0, 0.0, 0.0, 0.0, 1.0],
                [0.621493, -0.006627, 0.783392, 0.0, 0.004029, 0.999978, 0.005262, 0.4, -0.78341, -0.000114, 0.621506, 0.0, 0.0, 0.0, 0.0, 1.0]
            ]
        },
        {
            "name": "Shoulder_R",
            "time": [0.0, 0.1667, 0.6333],
            "transform": [
                [0.0, 0.952114, 0.305743, -0.02613, 0.0, -0.305743, 0.952114, 0.369515, 1.0, 0.0, -0.0, -0.013377, 0.0, 0.0, 0.0, 1.0],
                [0.0, 0.952114, 0.305743, -0.02613, 0.0, -0.305743, 0.952114, 0.369515, 1.0, 0.0, -0.0, -0.013377, 0.0, 0.0, 0.0, 1.0],
                [0.0, 0.952114, 0.305743, -0.02613, 0.0, -0.305743, 0.952114, 0.369515, 1.0, 0.0, -0.0, -0.013377, 0.0, 0.0, 0.0, 1.0]
            ]
        },
        {
            "name": "Arm_R",
            "time": [0.0, 0.1667, 0.6333],
            "transform": [
                [-0.558984, -0.585413, -0.587222, 0.0, 0.591079, 0.215344, -0.777337, 0.39386, 0.581517, -0.781613, 0.225651, -0.0, 0.0, 0.0, 0.0, 1.0],
                [-0.359717, -0.830904, -0.424503, 0.0, 0.487887, -0.555304, 0.673501, 0.393861, -0.795342, 0.03516, 0.60514, -0.0, 0.0, 0.0, 0.0, 1.0],
                [-0.558984, -0.585413, -0.587222, 0.0, 0.591079, 0.215344, -0.777337, 0.39386, 0.581517, -0.781613, 0.225651, -0.0, 0.0, 0.0, 0.0, 1.0]
            ]
        },
        {
            "name": "Hand_R",
            "time": [0.0, 0.1667, 0.6333],
            "transform": [
                [1.0, -4e-06, 3e-06, 0.0, 4e-06, 0.165369, -0.986232, 0.300003, 3e-06, 0.986232, 0.165369, -0.0, 0.0, 0.0, 0.0, 1.0],
                [1.0, -2e-06, 1e-06, -0.0, 2e-06, 0.806944, -0.590629, 0.300003, 1e-06, 0.590629, 0.806944, -0.0, 0.0, 0.0, 0.0, 1.0],
                [1.0, -4e-06, 3e-06, 0.0, 4e-06, 0.165369, -0.986232, 0.300003, 3e-06, 0.986232, 0.165369, -0.0, 0.0, 0.0, 0.0, 1.0]
            ]
        },
        {
            "name": "Tool_R",
            "time": [0.0, 0.1667, 0.6333],
            "transform": [
                [0.758407, 0.560361, -0.33289, 0.067086, 0.442307, -0.817611, -0.368615, 0.189298, -0.478732, 0.132321, -0.867933, 0.070628, 0.0, 0.0, 0.0, 1.0],
                [-0.311104, 0.933152, 0.180117, 0.067086, 0.824878, 0.171002, 0.538828, 0.189299, 0.472008, 0.316206, -0.822936, 0.070628, 0.0, 0.0, 0.0, 1.0],
                [0.758407, 0.560361, -0.33289, 0.067086, 0.442307, -0.817611, -0.368615, 0.189298, -0.478732, 0.132321, -0.867933, 0.070628, 0.0, 0.0, 0.0, 1.0]
            ]
        },
        {
            "name": "Elbow_R",
            "time": [0.0, 0.6333],
            "transform": [
                [-1.0, 0.0, -0.0, 0.0, 0.0, 0.003946, -0.999992, 0.430829, -0.0, -0.999992, -0.003946, -0.000736, 0.0, 0.0, 0.0, 1.0],
                [-1.0, 0.0, -0.0, 0.0, 0.0, 0.003946, -0.999992, 0.430829, -0.0, -0.999992, -0.003946, -0.000736, 0.0, 0.0, 0.0, 1.0]
            ]
        },
        {
            "name": "Shoulder_L",
            "time": [0.0, 0.1667, 0.6333],
            "transform": [
                [0.0, -0.952114, -0.305743, -0.01581, 0.0, -0.305743, 0.952114, 0.32701, -1.0, 0.0, 0.0, 0.000933, 0.0, 0.0, 0.0, 1.0],
                [-0.0, -0.952114, -0.305743, -0.01581, 0.0, -0.305743, 0.952114, 0.32701, -1.0, 0.0, 0.0, 0.000933, 0.0, 0.0, 0.0, 1.0],
                [0.0, -0.952114, -0.305743, -0.01581, 0.0, -0.305743, 0.952114, 0.32701, -1.0, 0.0, 0.0, 0.000933, 0.0, 0.0, 0.0, 1.0]
            ]
        },
        {
            "name": "Arm_L",
            "time": [0.0, 0.1667, 0.6333],
            "transform": [
                [-0.207964, 0.947273, 0.243767, -0.0, -0.855646, -0.055427, -0.514585, 0.39386, -0.473941, -0.315594, 0.822058, -0.0, 0.0, 0.0, 0.0, 1.0],
                [-0.130296, 0.588818, -0.797694, -0.0, -0.947844, -0.31002, -0.07402, 0.39386, -0.290885, 0.746444, 0.598502, -0.0, 0.0, 0.0, 0.0, 1.0],
                [-0.207964, 0.947273, 0.243767, -0.0, -0.855646, -0.055427, -0.514585, 0.39386, -0.473941, -0.315594, 0.822058, -0.0, 0.0, 0.0, 0.0, 1.0]
            ]
        },
        {
            "name": "Hand_L",
            "time": [0.0, 0.1667, 0.6333],
            "transform": [
                [1.0, -0.0, 0.0, -0.0, 0.0, 0.876337, -0.4817, 0.300003, -0.0, 0.481699, 0.876336, 0.0, 0.0, 0.0, 0.0, 1.0],
                [1.0, -0.0, 0.0, -0.0, -0.0, 1.0, -0.001002, 0.300003, -0.0, 0.001002, 1.0, 0.0, 0.0, 0.0, 0.0, 1.0],
                [1.0, -0.0, 0.0, -0.0, 0.0, 0.876337, -0.4817, 0.300003, -0.0, 0.481699, 0.876336, 0.0, 0.0, 0.0, 0.0, 1.0]
            ]
        },
        {
            "name": "Tool_L",
            "time": [0.0, 0.1667, 0.6333],
            "transform": [
                [0.125319, -0.360234, 0.924406, 0.0, 0.116629, -0.919942, -0.374306, 0.271711, 0.985238, 0.15472, -0.073272, -0.028915, 0.0, 0.0, 0.0, 1.0],
                [0.125319, -0.360234, 0.924406, -0.0, 0.116629, -0.919942, -0.374306, 0.271711, 0.985238, 0.15472, -0.073272, -0.028915, 0.0, 0.0, 0.0, 1.0],
                [0.125319, -0.360234, 0.924406, 0.0, 0.116629, -0.919942, -0.374306, 0.271711, 0.985238, 0.15472, -0.073272, -0.028915, 0.0, 0.0, 0.0, 1.0]
            ]
        },
        {
            "name": "Elbow_L",
            "time": [0.0, 0.6333],
            "transform": [
                [-1.0, 0.0, -0.0, -0.0, 0.0, 0.003946, -0.999992, 0.346296, -0.0, -0.999993, -0.003946, -0.001069, 0.0, 0.0, 0.0, 1.0],
                [-1.0, 0.0, -0.0, -0.0, 0.0, 0.003946, -0.999992, 0.346296, -0.0, -0.999993, -0.003946, -0.001069, 0.0, 0.0, 0.0, 1.0]
            ]
        },
        {
            "name": "IK-Thigh_R",
            "time": [0.0, 0.1667, 0.6333],
            "transform": [
                [1.0, -0.0, -0.0, 0.124994, -0.0, -0.998131, -0.061108, -0.00251, -0.0, 0.061108, -0.998131, 0.057555, 0.0, 0.0, 0.0, 1.0],
                [0.997005, 0.046458, 0.061832, 0.103251, 0.008058, -0.857522, 0.514384, 0.004548, 0.076919, -0.512346, -0.855328, -0.065878, 0.0, 0.0, 0.0, 1.0],
                [1.0, -0.0, -0.0, 0.124994, -0.0, -0.998131, -0.061108, -0.00251, -0.0, 0.061108, -0.998131, 0.057555, 0.0, 0.0, 0.0, 1.0]
            ]
        },
        {
            "name": "IK-Leg_R",
            "time": [0.0, 0.6333],
            "transform": [
                [1.0, 0.0, 1e-06, 0.0, -0.0, 0.999999, 0.001468, 0.374726, -1e-06, -0.001468, 0.999999, -0.0, 0.0, 0.0, 0.0, 1.0],
                [1.0, 0.0, 1e-06, 0.0, -0.0, 0.999999, 0.001468, 0.374726, -1e-06, -0.001468, 0.999999, -0.0, 0.0, 0.0, 0.0, 1.0]
            ]
        },
        {
            "name": "IK-Thigh_L",
            "time": [0.0, 0.1667, 0.6333],
            "transform": [
                [1.0, -3e-06, 0.0, -0.125006, -3e-06, -0.968658, 0.2484, -0.002831, -1e-06, -0.248401, -0.968658, -0.070633, 0.0, 0.0, 0.0, 1.0],
                [1.0, -5e-06, 1e-06, -0.125006, -5e-06, -0.998804, -0.048891, 0.011963, 1e-06, 0.048891, -0.998804, 0.069903, 0.0, 0.0, 0.0, 1.0],
                [1.0, -3e-06, 0.0, -0.125006, -3e-06, -0.968658, 0.2484, -0.002831, -1e-06, -0.248401, -0.968658, -0.070633, 0.0, 0.0, 0.0, 1.0]
            ]
        }
    ]
}