{
  "constructor": {
    "invocation_command": "(0.17#F,epic_fight_musket_compat:biped/combat/musket_auto#java.lang.String,epicfight:entity/biped#yesman.epicfight.api.model.Armature,[(0.0#F,0.3#F,0.4#F,0.9#F,1.0#F,1.0#F,OFF_HAND#net.minecraft.world.InteractionHand,epicfight:entity/biped.Tool_L#yesman.epicfight.api.animation.Joint,(3#I,0.4d#D,0.4d#D,0.7d#D,0.0d#D,0.0d#D,-0.35d#D)#yesman.epicfight.api.collider.MultiOBBCollider)]#yesman.epicfight.api.animation.types.AttackAnimation$Phase)#yesman.epicfight.api.animation.types.AttackAnimation"
  },
  "animation": [
    {
      "name": "Root",
      "time": [
        0.0,
        0.4667,
        1.0,
        1.9333,
        2.8333
      ],
      "transform": [
        [
          1.0,
          0.0,
          0.0,
          -5e-06,
          0.0,
          0.0,
          -1.0,
          0.000946,
          0.0,
          1.0,
          0.0,
          0.763972,
          0.0,
          0.0,
          0.0,
          1.0
        ],
        [
          1.0,
          0.0,
          0.0,
          -5e-06,
          0.0,
          0.0,
          -1.0,
          0.14982,
          0.0,
          1.0,
          0.0,
          0.741317,
          0.0,
          0.0,
          0.0,
          1.0
        ],
        [
          1.0,
          0.0,
          0.0,
          -5e-06,
          0.0,
          0.0,
          -1.0,
          0.271662,
          0.0,
          1.0,
          0.0,
          0.722776,
          0.0,
          0.0,
          0.0,
          1.0
        ],
        [
          1.0,
          0.0,
          0.0,
          -5e-06,
          0.0,
          0.0,
          -1.0,
          0.121105,
          0.0,
          1.0,
          0.0,
          0.745687,
          0.0,
          0.0,
          0.0,
          1.0
        ],
        [
          1.0,
          0.0,
          0.0,
          -5e-06,
          0.0,
          0.0,
          -1.0,
          0.000946,
          0.0,
          1.0,
          0.0,
          0.763972,
          0.0,
          0.0,
          0.0,
          1.0
        ]
      ]
    },
    {
      "name": "Thigh_R",
      "time": [
        0.0,
        0.4667,
        1.0,
        1.9333,
        2.8333
      ],
      "transform": [
        [
          0.934347,
          0.147363,
          0.324469,
          0.124994,
          0.069762,
          -0.968516,
          0.238978,
          -0.002831,
          0.34947,
          -0.200653,
          -0.91521,
          -1.2e-05,
          0.0,
          0.0,
          0.0,
          1.0
        ],
        [
          0.924791,
          0.186973,
          0.331366,
          0.124994,
          0.042623,
          -0.916353,
          0.398096,
          -0.002831,
          0.378081,
          -0.354031,
          -0.855405,
          -1.2e-05,
          0.0,
          0.0,
          0.0,
          1.0
        ],
        [
          0.913478,
          0.21036,
          0.348291,
          0.124994,
          0.014877,
          -0.872683,
          0.488061,
          -0.002831,
          0.406616,
          -0.440652,
          -0.800306,
          -1.2e-05,
          0.0,
          0.0,
          0.0,
          1.0
        ],
        [
          0.92694,
          0.180793,
          0.328781,
          0.124994,
          0.048371,
          -0.926525,
          0.373112,
          -0.002831,
          0.37208,
          -0.329949,
          -0.867577,
          -1.2e-05,
          0.0,
          0.0,
          0.0,
          1.0
        ],
        [
          0.934347,
          0.147363,
          0.324469,
          0.124994,
          0.069762,
          -0.968516,
          0.238978,
          -0.002831,
          0.34947,
          -0.200653,
          -0.91521,
          -1.2e-05,
          0.0,
          0.0,
          0.0,
          1.0
        ]
      ]
    },
    {
      "name": "Leg_R",
      "time": [
        0.0,
        0.4667,
        1.0,
        1.9333,
        2.8333
      ],
      "transform": [
        [
          1.0,
          5e-06,
          1e-06,
          0.0,
          -6e-06,
          0.966982,
          0.254843,
          0.374726,
          -0.0,
          -0.254843,
          0.966982,
          0.0,
          0.0,
          0.0,
          0.0,
          1.0
        ],
        [
          1.0,
          9e-06,
          3e-06,
          0.0,
          -1e-05,
          0.895818,
          0.444422,
          0.374726,
          2e-06,
          -0.444422,
          0.895818,
          -0.0,
          0.0,
          0.0,
          0.0,
          1.0
        ],
        [
          1.0,
          1.1e-05,
          4e-06,
          -0.0,
          -1.1e-05,
          0.851963,
          0.523601,
          0.374726,
          2e-06,
          -0.523601,
          0.851964,
          -0.0,
          0.0,
          0.0,
          0.0,
          1.0
        ],
        [
          1.0,
          9e-06,
          3e-06,
          0.0,
          -9e-06,
          0.907988,
          0.418995,
          0.374726,
          1e-06,
          -0.418995,
          0.907988,
          -0.0,
          0.0,
          0.0,
          0.0,
          1.0
        ],
        [
          1.0,
          5e-06,
          1e-06,
          0.0,
          -6e-06,
          0.966982,
          0.254843,
          0.374726,
          -0.0,
          -0.254843,
          0.966982,
          0.0,
          0.0,
          0.0,
          0.0,
          1.0
        ]
      ]
    },
    {
      "name": "Knee_R",
      "time": [
        0.0,
        2.8333
      ],
      "transform": [
        [
          1.0,
          0.0,
          -0.0,
          0.0,
          -0.0,
          0.00567,
          -0.999984,
          0.374726,
          -0.0,
          0.999984,
          0.00567,
          0.0,
          0.0,
          0.0,
          0.0,
          1.0
        ],
        [
          1.0,
          0.0,
          -0.0,
          0.0,
          -0.0,
          0.00567,
          -0.999984,
          0.374726,
          -0.0,
          0.999984,
          0.00567,
          0.0,
          0.0,
          0.0,
          0.0,
          1.0
        ]
      ]
    },
    {
      "name": "Thigh_L",
      "time": [
        0.0,
        0.4667,
        1.0,
        1.9333,
        2.8333
      ],
      "transform": [
        [
          0.927088,
          -0.129117,
          -0.351905,
          -0.125006,
          -0.048783,
          -0.972378,
          0.228256,
          -0.002831,
          -0.371656,
          -0.194446,
          -0.907779,
          -1.2e-05,
          0.0,
          0.0,
          0.0,
          1.0
        ],
        [
          0.95013,
          -0.155908,
          -0.270084,
          -0.125006,
          -0.129972,
          -0.985229,
          0.111499,
          -0.002831,
          -0.283478,
          -0.070835,
          -0.956359,
          -1.2e-05,
          0.0,
          0.0,
          0.0,
          1.0
        ],
        [
          0.956723,
          -0.092527,
          -0.275897,
          -0.125006,
          -0.173284,
          -0.942825,
          -0.284699,
          -0.002831,
          -0.23378,
          0.320187,
          -0.918056,
          -1.2e-05,
          0.0,
          0.0,
          0.0,
          1.0
        ],
        [
          0.947428,
          -0.158951,
          -0.277696,
          -0.125006,
          -0.117256,
          -0.979983,
          0.160886,
          -0.002831,
          -0.297711,
          -0.119866,
          -0.947101,
          -1.2e-05,
          0.0,
          0.0,
          0.0,
          1.0
        ],
        [
          0.927088,
          -0.129117,
          -0.351905,
          -0.125006,
          -0.048783,
          -0.972378,
          0.228256,
          -0.002831,
          -0.371656,
          -0.194446,
          -0.907779,
          -1.2e-05,
          0.0,
          0.0,
          0.0,
          1.0
        ]
      ]
    },
    {
      "name": "Leg_L",
      "time": [
        0.0,
        0.4667,
        1.0,
        1.9333,
        2.8333
      ],
      "transform": [
        [
          1.0,
          4e-06,
          1e-06,
          -0.0,
          -4e-06,
          0.979864,
          0.199668,
          0.374726,
          -0.0,
          -0.199668,
          0.979864,
          -0.0,
          0.0,
          0.0,
          0.0,
          1.0
        ],
        [
          1.0,
          9e-06,
          3e-06,
          0.0,
          -9e-06,
          0.909452,
          0.415808,
          0.374726,
          1e-06,
          -0.415808,
          0.909453,
          0.0,
          0.0,
          0.0,
          0.0,
          1.0
        ],
        [
          1.0,
          0.0,
          1e-06,
          -0.0,
          -0.0,
          0.999999,
          0.00146,
          0.374726,
          -1e-06,
          -0.00146,
          0.999999,
          0.0,
          0.0,
          0.0,
          0.0,
          1.0
        ],
        [
          1.0,
          9e-06,
          3e-06,
          0.0,
          -9e-06,
          0.905973,
          0.423335,
          0.374726,
          1e-06,
          -0.423335,
          0.905973,
          -0.0,
          0.0,
          0.0,
          0.0,
          1.0
        ],
        [
          1.0,
          4e-06,
          1e-06,
          -0.0,
          -4e-06,
          0.979864,
          0.199668,
          0.374726,
          -0.0,
          -0.199668,
          0.979864,
          -0.0,
          0.0,
          0.0,
          0.0,
          1.0
        ]
      ]
    },
    {
      "name": "Knee_L",
      "time": [
        0.0,
        2.8333
      ],
      "transform": [
        [
          1.0,
          0.0,
          -0.0,
          -0.0,
          -0.0,
          0.00567,
          -0.999984,
          0.374726,
          -0.0,
          0.999984,
          0.00567,
          -0.0,
          0.0,
          0.0,
          0.0,
          1.0
        ],
        [
          1.0,
          0.0,
          -0.0,
          -0.0,
          -0.0,
          0.00567,
          -0.999984,
          0.374726,
          -0.0,
          0.999984,
          0.00567,
          -0.0,
          0.0,
          0.0,
          0.0,
          1.0
        ]
      ]
    },
    {
      "name": "Torso",
      "time": [
        0.0,
        0.4667,
        1.0,
        1.9333,
        2.8333
      ],
      "transform": [
        [
          1.0,
          0.0,
          0.0,
          0.0,
          0.0,
          1.0,
          0.0,
          0.05,
          0.0,
          0.0,
          1.0,
          0.0,
          0.0,
          0.0,
          0.0,
          1.0
        ],
        [
          0.984835,
          0.0,
          0.173494,
          0.0,
          0.0,
          1.0,
          0.0,
          0.05,
          -0.173494,
          0.0,
          0.984835,
          0.0,
          0.0,
          0.0,
          0.0,
          1.0
        ],
        [
          0.950165,
          0.0,
          0.311746,
          0.0,
          0.0,
          1.0,
          0.0,
          0.05,
          -0.311746,
          0.0,
          0.950165,
          0.0,
          0.0,
          0.0,
          0.0,
          1.0
        ],
        [
          0.990121,
          0.0,
          0.140215,
          0.0,
          0.0,
          1.0,
          0.0,
          0.05,
          -0.140215,
          0.0,
          0.990121,
          0.0,
          0.0,
          0.0,
          0.0,
          1.0
        ],
        [
          1.0,
          0.0,
          0.0,
          0.0,
          0.0,
          1.0,
          0.0,
          0.05,
          0.0,
          0.0,
          1.0,
          0.0,
          0.0,
          0.0,
          0.0,
          1.0
        ]
      ]
    },
    {
      "name": "Chest",
      "time": [
        0.0,
        0.4667,
        1.0,
        1.9333,
        2.8333
      ],
      "transform": [
        [
          1.0,
          -0.0,
          -0.0,
          0.0,
          0.0,
          0.98383,
          0.179104,
          0.3,
          -0.0,
          -0.179104,
          0.98383,
          0.0,
          0.0,
          0.0,
          0.0,
          1.0
        ],
        [
          0.963219,
          -0.137216,
          0.231044,
          0.0,
          0.115073,
          0.9876,
          0.106794,
          0.3,
          -0.242832,
          -0.076279,
          0.967065,
          0.0,
          0.0,
          0.0,
          0.0,
          1.0
        ],
        [
          0.880391,
          -0.227092,
          0.416342,
          -0.0,
          0.218626,
          0.973392,
          0.068629,
          0.3,
          -0.420849,
          0.030603,
          0.906614,
          -0.0,
          0.0,
          0.0,
          0.0,
          1.0
        ],
        [
          0.97604,
          -0.112691,
          0.186135,
          0.0,
          0.091508,
          0.9887,
          0.11874,
          0.3,
          -0.197412,
          -0.098862,
          0.975323,
          0.0,
          0.0,
          0.0,
          0.0,
          1.0
        ],
        [
          1.0,
          -0.0,
          -0.0,
          0.0,
          0.0,
          0.98383,
          0.179104,
          0.3,
          -0.0,
          -0.179104,
          0.98383,
          0.0,
          0.0,
          0.0,
          0.0,
          1.0
        ]
      ]
    },
    {
      "name": "Head",
      "time": [
        0.0,
        0.4667,
        1.0,
        1.9333,
        2.8333
      ],
      "transform": [
        [
          1.0,
          0.0,
          -0.0,
          -0.0,
          -0.0,
          0.995712,
          -0.092508,
          0.4,
          -0.0,
          0.092508,
          0.995712,
          0.0,
          0.0,
          0.0,
          0.0,
          1.0
        ],
        [
          1.0,
          -0.0,
          0.0,
          -0.0,
          -0.0,
          0.995712,
          -0.092508,
          0.4,
          -0.0,
          0.092508,
          0.995712,
          -0.0,
          0.0,
          0.0,
          0.0,
          1.0
        ],
        [
          1.0,
          -0.0,
          -0.0,
          -0.0,
          0.0,
          0.995712,
          -0.092508,
          0.4,
          -0.0,
          0.092508,
          0.995712,
          0.0,
          0.0,
          0.0,
          0.0,
          1.0
        ],
        [
          1.0,
          -0.0,
          -0.0,
          0.0,
          0.0,
          0.995712,
          -0.092508,
          0.4,
          0.0,
          0.092508,
          0.995712,
          0.0,
          0.0,
          0.0,
          0.0,
          1.0
        ],
        [
          1.0,
          0.0,
          -0.0,
          -0.0,
          -0.0,
          0.995712,
          -0.092508,
          0.4,
          -0.0,
          0.092508,
          0.995712,
          0.0,
          0.0,
          0.0,
          0.0,
          1.0
        ]
      ]
    },
    {
      "name": "Shoulder_R",
      "time": [
        0.0,
        0.4667,
        1.0,
        1.9333,
        2.8333
      ],
      "transform": [
        [
          0.0,
          0.952114,
          0.305743,
          -0.0,
          0.0,
          -0.305743,
          0.952114,
          0.4,
          1.0,
          0.0,
          -0.0,
          0.0,
          0.0,
          0.0,
          0.0,
          1.0
        ],
        [
          0.0,
          0.952114,
          0.305743,
          -0.0,
          0.0,
          -0.305743,
          0.952114,
          0.4,
          1.0,
          -0.0,
          -0.0,
          -0.0,
          0.0,
          0.0,
          0.0,
          1.0
        ],
        [
          0.0,
          0.952114,
          0.305743,
          -0.0,
          0.0,
          -0.305743,
          0.952114,
          0.4,
          1.0,
          -0.0,
          -0.0,
          0.0,
          0.0,
          0.0,
          0.0,
          1.0
        ],
        [
          0.0,
          0.952114,
          0.305743,
          0.0,
          0.0,
          -0.305743,
          0.952114,
          0.4,
          1.0,
          0.0,
          -0.0,
          0.0,
          0.0,
          0.0,
          0.0,
          1.0
        ],
        [
          0.0,
          0.952114,
          0.305743,
          -0.0,
          0.0,
          -0.305743,
          0.952114,
          0.4,
          1.0,
          0.0,
          -0.0,
          0.0,
          0.0,
          0.0,
          0.0,
          1.0
        ]
      ]
    },
    {
      "name": "Arm_R",
      "time": [
        0.0,
        0.4667,
        1.0,
        1.9333,
        2.8333
      ],
      "transform": [
        [
          -0.518941,
          -0.5856,
          -0.622715,
          -0.0,
          0.399568,
          0.477822,
          -0.782325,
          0.393861,
          0.755676,
          -0.654798,
          -0.013975,
          0.0,
          0.0,
          0.0,
          0.0,
          1.0
        ],
        [
          -0.499615,
          -0.657863,
          -0.563562,
          0.0,
          0.619965,
          0.182822,
          -0.763033,
          0.393861,
          0.605003,
          -0.730611,
          0.316511,
          -0.0,
          0.0,
          0.0,
          0.0,
          1.0
        ],
        [
          -0.305596,
          -0.917628,
          -0.254108,
          0.0,
          0.862267,
          -0.153512,
          -0.482627,
          0.39386,
          0.403863,
          -0.366598,
          0.838153,
          0.0,
          0.0,
          0.0,
          0.0,
          1.0
        ],
        [
          -0.525235,
          -0.618238,
          -0.584731,
          -0.0,
          0.557557,
          0.269075,
          -0.785321,
          0.39386,
          0.642852,
          -0.738499,
          0.203375,
          -0.0,
          0.0,
          0.0,
          0.0,
          1.0
        ],
        [
          -0.518941,
          -0.5856,
          -0.622715,
          -0.0,
          0.399568,
          0.477822,
          -0.782325,
          0.393861,
          0.755676,
          -0.654798,
          -0.013975,
          0.0,
          0.0,
          0.0,
          0.0,
          1.0
        ]
      ]
    },
    {
      "name": "Hand_R",
      "time": [
        0.0,
        0.4667,
        1.0,
        1.9333,
        2.8333
      ],
      "transform": [
        [
          1.0,
          -3e-06,
          2e-06,
          -0.0,
          3e-06,
          0.540259,
          -0.841499,
          0.300002,
          2e-06,
          0.841499,
          0.540259,
          0.0,
          0.0,
          0.0,
          0.0,
          1.0
        ],
        [
          1.0,
          -5e-06,
          3e-06,
          -0.0,
          5e-06,
          0.370194,
          -0.928955,
          0.300003,
          3e-06,
          0.928955,
          0.370194,
          -0.0,
          0.0,
          0.0,
          0.0,
          1.0
        ],
        [
          1.0,
          -0.0,
          0.0,
          -0.0,
          0.0,
          0.892111,
          -0.451816,
          0.300003,
          -0.0,
          0.451817,
          0.892111,
          -0.0,
          0.0,
          0.0,
          0.0,
          1.0
        ],
        [
          1.0,
          -3e-06,
          2e-06,
          0.0,
          3e-06,
          0.327455,
          -0.944867,
          0.300002,
          2e-06,
          0.944867,
          0.327455,
          -0.0,
          0.0,
          0.0,
          0.0,
          1.0
        ],
        [
          1.0,
          -3e-06,
          2e-06,
          -0.0,
          3e-06,
          0.540259,
          -0.841499,
          0.300002,
          2e-06,
          0.841499,
          0.540259,
          0.0,
          0.0,
          0.0,
          0.0,
          1.0
        ]
      ]
    },
    {
      "name": "Tool_R",
      "time": [
        0.0,
        0.4667,
        1.0,
        1.9333,
        2.8333
      ],
      "transform": [
        [
          0.90364,
          -0.172311,
          0.392103,
          -0.03004,
          0.031128,
          -0.886656,
          -0.461382,
          0.283462,
          0.427161,
          0.429128,
          -0.795854,
          0.110381,
          0.0,
          0.0,
          0.0,
          1.0
        ],
        [
          0.676302,
          -0.592561,
          0.437594,
          -0.03004,
          -0.052043,
          -0.631004,
          -0.774032,
          0.283462,
          0.734784,
          0.500706,
          -0.457588,
          0.110381,
          0.0,
          0.0,
          0.0,
          1.0
        ],
        [
          0.444739,
          -0.333082,
          0.831423,
          -0.03004,
          0.131597,
          -0.893905,
          -0.428505,
          0.283462,
          0.88594,
          0.299986,
          -0.353721,
          0.110381,
          0.0,
          0.0,
          0.0,
          1.0
        ],
        [
          0.751738,
          -0.442864,
          0.488632,
          -0.03004,
          -0.009761,
          -0.748347,
          -0.663236,
          0.283462,
          0.65939,
          0.493811,
          -0.566884,
          0.110381,
          0.0,
          0.0,
          0.0,
          1.0
        ],
        [
          0.90364,
          -0.172311,
          0.392103,
          -0.03004,
          0.031128,
          -0.886656,
          -0.461382,
          0.283462,
          0.427161,
          0.429128,
          -0.795854,
          0.110381,
          0.0,
          0.0,
          0.0,
          1.0
        ]
      ]
    },
    {
      "name": "Elbow_R",
      "time": [
        0.0,
        2.8333
      ],
      "transform": [
        [
          -1.0,
          0.0,
          0.0,
          -0.0,
          0.0,
          0.003946,
          -0.999992,
          0.392913,
          -0.0,
          -0.999992,
          -0.003946,
          -0.000886,
          0.0,
          0.0,
          0.0,
          1.0
        ],
        [
          -1.0,
          0.0,
          0.0,
          -0.0,
          0.0,
          0.003946,
          -0.999992,
          0.392913,
          -0.0,
          -0.999992,
          -0.003946,
          -0.000886,
          0.0,
          0.0,
          0.0,
          1.0
        ]
      ]
    },
    {
      "name": "Shoulder_L",
      "time": [
        0.0,
        0.4667,
        1.0,
        1.9333,
        2.8333
      ],
      "transform": [
        [
          -0.0,
          -0.952114,
          -0.305743,
          -0.0,
          0.0,
          -0.305743,
          0.952114,
          0.4,
          -1.0,
          0.0,
          0.0,
          0.0,
          0.0,
          0.0,
          0.0,
          1.0
        ],
        [
          -0.0,
          -0.952114,
          -0.305743,
          -0.0,
          0.0,
          -0.305743,
          0.952114,
          0.4,
          -1.0,
          0.0,
          0.0,
          -0.0,
          0.0,
          0.0,
          0.0,
          1.0
        ],
        [
          -0.0,
          -0.952114,
          -0.305743,
          -0.0,
          0.0,
          -0.305743,
          0.952114,
          0.4,
          -1.0,
          0.0,
          0.0,
          0.0,
          0.0,
          0.0,
          0.0,
          1.0
        ],
        [
          0.0,
          -0.952114,
          -0.305743,
          0.0,
          0.0,
          -0.305743,
          0.952114,
          0.4,
          -1.0,
          -0.0,
          0.0,
          0.0,
          0.0,
          0.0,
          0.0,
          1.0
        ],
        [
          -0.0,
          -0.952114,
          -0.305743,
          -0.0,
          0.0,
          -0.305743,
          0.952114,
          0.4,
          -1.0,
          0.0,
          0.0,
          0.0,
          0.0,
          0.0,
          0.0,
          1.0
        ]
      ]
    },
    {
      "name": "Arm_L",
      "time": [
        0.0,
        0.4667,
        1.0,
        1.9333,
        2.8333
      ],
      "transform": [
        [
          -0.104778,
          0.277917,
          0.954873,
          0.0,
          -0.886096,
          -0.462002,
          0.037235,
          0.39386,
          0.451502,
          -0.842208,
          0.294669,
          0.0,
          0.0,
          0.0,
          0.0,
          1.0
        ],
        [
          -0.343885,
          0.773158,
          0.532887,
          0.0,
          -0.938177,
          -0.306811,
          -0.160282,
          0.39386,
          0.039572,
          -0.555061,
          0.830868,
          -0.0,
          0.0,
          0.0,
          0.0,
          1.0
        ],
        [
          -0.383529,
          0.918608,
          0.095204,
          -0.0,
          -0.917408,
          -0.390806,
          0.075054,
          0.39386,
          0.106152,
          -0.058556,
          0.992624,
          -0.0,
          0.0,
          0.0,
          0.0,
          1.0
        ],
        [
          -0.337809,
          0.514505,
          0.788142,
          0.0,
          -0.932404,
          -0.297234,
          -0.205605,
          0.39386,
          0.128478,
          -0.804323,
          0.580136,
          -0.0,
          0.0,
          0.0,
          0.0,
          1.0
        ],
        [
          -0.104778,
          0.277917,
          0.954873,
          0.0,
          -0.886096,
          -0.462002,
          0.037235,
          0.39386,
          0.451502,
          -0.842208,
          0.294669,
          0.0,
          0.0,
          0.0,
          0.0,
          1.0
        ]
      ]
    },
    {
      "name": "Hand_L",
      "time": [
        0.0,
        0.4667,
        1.0,
        1.9333,
        2.8333
      ],
      "transform": [
        [
          1.0,
          -0.0,
          0.0,
          -0.0,
          0.0,
          0.101857,
          -0.994799,
          0.300003,
          0.0,
          0.994799,
          0.101857,
          0.0,
          0.0,
          0.0,
          0.0,
          1.0
        ],
        [
          1.0,
          -1e-06,
          1e-06,
          -0.0,
          1e-06,
          -0.405611,
          -0.914046,
          0.300003,
          1e-06,
          0.914046,
          -0.405611,
          -0.0,
          0.0,
          0.0,
          0.0,
          1.0
        ],
        [
          1.0,
          -1e-06,
          1e-06,
          -0.0,
          1e-06,
          0.73874,
          -0.673991,
          0.300003,
          0.0,
          0.673991,
          0.738739,
          0.0,
          0.0,
          0.0,
          0.0,
          1.0
        ],
        [
          1.0,
          -1e-06,
          1e-06,
          0.0,
          1e-06,
          -0.175357,
          -0.984505,
          0.300003,
          1e-06,
          0.984505,
          -0.175357,
          0.0,
          0.0,
          0.0,
          0.0,
          1.0
        ],
        [
          1.0,
          -0.0,
          0.0,
          -0.0,
          0.0,
          0.101857,
          -0.994799,
          0.300003,
          0.0,
          0.994799,
          0.101857,
          0.0,
          0.0,
          0.0,
          0.0,
          1.0
        ]
      ]
    },
    {
      "name": "Tool_L",
      "time": [
        0.0,
        0.4667,
        1.0,
        1.9333,
        2.8333
      ],
      "transform": [
        [
          0.994065,
          -0.108631,
          -0.005787,
          0.0,
          -0.108383,
          -0.984422,
          -0.138442,
          0.271711,
          0.009342,
          0.138248,
          -0.990354,
          -0.028915,
          0.0,
          0.0,
          0.0,
          1.0
        ],
        [
          0.614615,
          -0.241018,
          0.751106,
          0.0,
          0.19548,
          -0.875943,
          -0.441034,
          0.271711,
          0.764223,
          0.417892,
          -0.491254,
          -0.028915,
          0.0,
          0.0,
          0.0,
          1.0
        ],
        [
          0.70492,
          0.102696,
          0.701812,
          -0.0,
          0.429819,
          -0.848942,
          -0.307496,
          0.271711,
          0.564219,
          0.518413,
          -0.642577,
          -0.028915,
          0.0,
          0.0,
          0.0,
          1.0
        ],
        [
          0.889185,
          -0.315411,
          0.331461,
          0.0,
          -0.098859,
          -0.839755,
          -0.53389,
          0.271711,
          0.446741,
          0.441959,
          -0.777879,
          -0.028915,
          0.0,
          0.0,
          0.0,
          1.0
        ],
        [
          0.994065,
          -0.108631,
          -0.005787,
          0.0,
          -0.108383,
          -0.984422,
          -0.138442,
          0.271711,
          0.009342,
          0.138248,
          -0.990354,
          -0.028915,
          0.0,
          0.0,
          0.0,
          1.0
        ]
      ]
    },
    {
      "name": "Elbow_L",
      "time": [
        0.0,
        2.8333
      ],
      "transform": [
        [
          -1.0,
          0.0,
          -0.0,
          -0.0,
          0.0,
          0.003946,
          -0.999992,
          0.436836,
          -0.0,
          -0.999993,
          -0.003946,
          -0.000712,
          0.0,
          0.0,
          0.0,
          1.0
        ],
        [
          -1.0,
          0.0,
          -0.0,
          -0.0,
          0.0,
          0.003946,
          -0.999992,
          0.436836,
          -0.0,
          -0.999993,
          -0.003946,
          -0.000712,
          0.0,
          0.0,
          0.0,
          1.0
        ]
      ]
    },
    {
      "name": "IK-Thigh_R",
      "time": [
        0.0,
        0.4667,
        1.0,
        1.9333,
        2.8333
      ],
      "transform": [
        [
          0.934347,
          0.147363,
          0.324469,
          0.124994,
          0.069762,
          -0.968516,
          0.238978,
          -0.002831,
          0.34947,
          -0.200653,
          -0.91521,
          -1.2e-05,
          0.0,
          0.0,
          0.0,
          1.0
        ],
        [
          0.924791,
          0.186973,
          0.331366,
          0.124994,
          0.042623,
          -0.916353,
          0.398096,
          -0.002831,
          0.378081,
          -0.354031,
          -0.855405,
          -1.2e-05,
          0.0,
          0.0,
          0.0,
          1.0
        ],
        [
          0.913478,
          0.21036,
          0.348291,
          0.124994,
          0.014877,
          -0.872683,
          0.488061,
          -0.002831,
          0.406616,
          -0.440652,
          -0.800306,
          -1.2e-05,
          0.0,
          0.0,
          0.0,
          1.0
        ],
        [
          0.92694,
          0.180793,
          0.328781,
          0.124994,
          0.048371,
          -0.926525,
          0.373112,
          -0.002831,
          0.37208,
          -0.329949,
          -0.867577,
          -1.2e-05,
          0.0,
          0.0,
          0.0,
          1.0
        ],
        [
          0.934347,
          0.147363,
          0.324469,
          0.124994,
          0.069762,
          -0.968516,
          0.238978,
          -0.002831,
          0.34947,
          -0.200653,
          -0.91521,
          -1.2e-05,
          0.0,
          0.0,
          0.0,
          1.0
        ]
      ]
    },
    {
      "name": "IK-Leg_R",
      "time": [
        0.0,
        2.8333
      ],
      "transform": [
        [
          1.0,
          5e-06,
          1e-06,
          0.0,
          -6e-06,
          0.966982,
          0.254843,
          0.374726,
          -0.0,
          -0.254843,
          0.966982,
          0.0,
          0.0,
          0.0,
          0.0,
          1.0
        ],
        [
          1.0,
          5e-06,
          1e-06,
          0.0,
          -6e-06,
          0.966982,
          0.254843,
          0.374726,
          -0.0,
          -0.254843,
          0.966982,
          0.0,
          0.0,
          0.0,
          0.0,
          1.0
        ]
      ]
    },
    {
      "name": "IK-Thigh_L",
      "time": [
        0.0,
        0.4667,
        1.0,
        1.9333,
        2.8333
      ],
      "transform": [
        [
          0.927088,
          -0.129117,
          -0.351905,
          -0.125006,
          -0.048783,
          -0.972378,
          0.228256,
          -0.002831,
          -0.371656,
          -0.194446,
          -0.907779,
          -1.2e-05,
          0.0,
          0.0,
          0.0,
          1.0
        ],
        [
          0.95013,
          -0.155908,
          -0.270084,
          -0.125006,
          -0.129972,
          -0.985229,
          0.111499,
          -0.002831,
          -0.283478,
          -0.070835,
          -0.956359,
          -1.2e-05,
          0.0,
          0.0,
          0.0,
          1.0
        ],
        [
          0.956723,
          -0.092527,
          -0.275897,
          -0.125006,
          -0.173284,
          -0.942825,
          -0.284699,
          -0.002831,
          -0.23378,
          0.320187,
          -0.918056,
          -1.2e-05,
          0.0,
          0.0,
          0.0,
          1.0
        ],
        [
          0.947428,
          -0.158951,
          -0.277696,
          -0.125006,
          -0.117256,
          -0.979983,
          0.160886,
          -0.002831,
          -0.297711,
          -0.119866,
          -0.947101,
          -1.2e-05,
          0.0,
          0.0,
          0.0,
          1.0
        ],
        [
          0.927088,
          -0.129117,
          -0.351905,
          -0.125006,
          -0.048783,
          -0.972378,
          0.228256,
          -0.002831,
          -0.371656,
          -0.194446,
          -0.907779,
          -1.2e-05,
          0.0,
          0.0,
          0.0,
          1.0
        ]
      ]
    }
  ]
}