{
  "constructor": {
    "invocation_command": "(0.17#F,epic_fight_musket_compat:biped/combat/musket_auto_1#java.lang.String,epicfight:entity/biped#yesman.epicfight.api.model.Armature,[(0.0#F,0.3#F,0.4#F,0.5#F,0.6#F,0.6#F,MAIN_HAND#net.minecraft.world.InteractionHand,epicfight:entity/biped.Hand_R#yesman.epicfight.api.animation.Joint,(3#I,0.4d#D,0.7d#D,0.4d#D,0.0d#D,0.5d#D,0.0d#D)#yesman.epicfight.api.collider.MultiOBBCollider)]#yesman.epicfight.api.animation.types.AttackAnimation$Phase)#yesman.epicfight.api.animation.types.AttackAnimation"
  },
  "animation": [
    {
      "name": "Root",
      "time": [
        0.0,
        0.3333,
        0.4167,
        0.5,
        0.8333
      ],
      "transform": [
        [
          1.0,
          0.0,
          0.0,
          -5e-06,
          0.0,
          0.0,
          -1.0,
          0.000946,
          0.0,
          1.0,
          0.0,
          0.763972,
          0.0,
          0.0,
          0.0,
          1.0
        ],
        [
          1.0,
          0.0,
          0.0,
          -5e-06,
          0.0,
          0.0,
          -1.0,
          -0.331982,
          0.0,
          1.0,
          0.0,
          0.752491,
          0.0,
          0.0,
          0.0,
          1.0
        ],
        [
          1.0,
          0.0,
          0.0,
          -5e-06,
          0.0,
          0.0,
          -1.0,
          0.015297,
          0.0,
          1.0,
          0.0,
          0.704418,
          0.0,
          0.0,
          0.0,
          1.0
        ],
        [
          1.0,
          0.0,
          0.0,
          -5e-06,
          0.0,
          0.0,
          -1.0,
          0.362575,
          0.0,
          1.0,
          0.0,
          0.660649,
          0.0,
          0.0,
          0.0,
          1.0
        ],
        [
          1.0,
          0.0,
          0.0,
          -5e-06,
          0.0,
          0.0,
          -1.0,
          0.000946,
          0.0,
          1.0,
          0.0,
          0.763972,
          0.0,
          0.0,
          0.0,
          1.0
        ]
      ]
    },
    {
      "name": "Thigh_R",
      "time": [
        0.0,
        0.3333,
        0.4167,
        0.5,
        0.8333
      ],
      "transform": [
        [
          1.0,
          -0.0,
          -0.0,
          0.124994,
          -0.0,
          -0.998131,
          -0.061108,
          -0.00251,
          -0.0,
          0.061108,
          -0.998131,
          0.057555,
          0.0,
          0.0,
          0.0,
          1.0
        ],
        [
          1.0,
          -0.0,
          -0.0,
          0.124994,
          -0.0,
          -0.977923,
          0.208967,
          0.003231,
          -0.0,
          -0.208967,
          -0.977923,
          -0.091689,
          0.0,
          0.0,
          0.0,
          1.0
        ],
        [
          1.0,
          -0.0,
          -0.0,
          0.124994,
          -0.0,
          -0.989389,
          -0.145292,
          0.00036,
          -0.0,
          0.145292,
          -0.989389,
          -0.017067,
          0.0,
          0.0,
          0.0,
          1.0
        ],
        [
          1.0,
          -0.0,
          -0.0,
          0.124994,
          -0.0,
          -0.871351,
          -0.490661,
          -0.00251,
          -0.0,
          0.490661,
          -0.871351,
          0.057555,
          0.0,
          0.0,
          0.0,
          1.0
        ],
        [
          1.0,
          -0.0,
          -0.0,
          0.124994,
          -0.0,
          -0.998131,
          -0.061108,
          -0.00251,
          -0.0,
          0.061108,
          -0.998131,
          0.057555,
          0.0,
          0.0,
          0.0,
          1.0
        ]
      ]
    },
    {
      "name": "Leg_R",
      "time": [
        0.0,
        0.3333,
        0.4167,
        0.5,
        0.8333
      ],
      "transform": [
        [
          1.0,
          0.0,
          1e-06,
          0.0,
          -0.0,
          0.999999,
          0.001468,
          0.374726,
          -1e-06,
          -0.001468,
          0.999999,
          -0.0,
          0.0,
          0.0,
          0.0,
          1.0
        ],
        [
          1.0,
          0.0,
          1e-06,
          0.0,
          -0.0,
          0.999999,
          0.001468,
          0.374726,
          -1e-06,
          -0.001468,
          0.999999,
          -0.0,
          0.0,
          0.0,
          0.0,
          1.0
        ],
        [
          1.0,
          0.0,
          1e-06,
          0.0,
          -0.0,
          0.999999,
          0.001463,
          0.374726,
          -1e-06,
          -0.001463,
          0.999999,
          0.0,
          0.0,
          0.0,
          0.0,
          1.0
        ],
        [
          1.0,
          0.0,
          1e-06,
          0.0,
          -0.0,
          0.999999,
          0.001467,
          0.374726,
          -1e-06,
          -0.001467,
          0.999999,
          0.0,
          0.0,
          0.0,
          0.0,
          1.0
        ],
        [
          1.0,
          0.0,
          1e-06,
          0.0,
          -0.0,
          0.999999,
          0.001468,
          0.374726,
          -1e-06,
          -0.001468,
          0.999999,
          -0.0,
          0.0,
          0.0,
          0.0,
          1.0
        ]
      ]
    },
    {
      "name": "Knee_R",
      "time": [
        0.0,
        0.8333
      ],
      "transform": [
        [
          1.0,
          0.0,
          -0.0,
          0.0,
          -0.0,
          0.00567,
          -0.999984,
          0.374726,
          -0.0,
          0.999984,
          0.00567,
          -0.0,
          0.0,
          0.0,
          0.0,
          1.0
        ],
        [
          1.0,
          0.0,
          -0.0,
          0.0,
          -0.0,
          0.00567,
          -0.999984,
          0.374726,
          -0.0,
          0.999984,
          0.00567,
          -0.0,
          0.0,
          0.0,
          0.0,
          1.0
        ]
      ]
    },
    {
      "name": "Thigh_L",
      "time": [
        0.0,
        0.3333,
        0.4167,
        0.5,
        0.8333
      ],
      "transform": [
        [
          1.0,
          -3e-06,
          0.0,
          -0.125006,
          -3e-06,
          -0.968658,
          0.2484,
          -0.002831,
          -1e-06,
          -0.248401,
          -0.968658,
          -0.070633,
          0.0,
          0.0,
          0.0,
          1.0
        ],
        [
          1.0,
          -5e-06,
          1e-06,
          -0.125006,
          -5e-06,
          -0.998462,
          -0.055451,
          -0.020051,
          1e-06,
          0.055452,
          -0.998461,
          0.101571,
          0.0,
          0.0,
          0.0,
          1.0
        ],
        [
          0.979618,
          0.038821,
          0.197083,
          -0.125006,
          -0.132931,
          -0.610278,
          0.780955,
          -0.011441,
          0.150593,
          -0.791236,
          -0.592679,
          0.015469,
          0.0,
          0.0,
          0.0,
          1.0
        ],
        [
          1.0,
          -8e-06,
          1e-06,
          -0.125006,
          -7e-06,
          -0.739117,
          0.673577,
          -0.002831,
          -5e-06,
          -0.673578,
          -0.739117,
          -0.070633,
          0.0,
          0.0,
          0.0,
          1.0
        ],
        [
          1.0,
          -3e-06,
          0.0,
          -0.125006,
          -3e-06,
          -0.968658,
          0.2484,
          -0.002831,
          -1e-06,
          -0.248401,
          -0.968658,
          -0.070633,
          0.0,
          0.0,
          0.0,
          1.0
        ]
      ]
    },
    {
      "name": "Leg_L",
      "time": [
        0.0,
        0.3333,
        0.4167,
        0.5,
        0.8333
      ],
      "transform": [
        [
          1.0,
          5e-06,
          1e-06,
          -0.0,
          -6e-06,
          0.965395,
          0.260791,
          0.374726,
          0.0,
          -0.260791,
          0.965395,
          -0.0,
          0.0,
          0.0,
          0.0,
          1.0
        ],
        [
          1.0,
          1e-05,
          3e-06,
          0.0,
          -1e-05,
          0.889709,
          0.456528,
          0.374726,
          2e-06,
          -0.456528,
          0.889709,
          -0.0,
          0.0,
          0.0,
          0.0,
          1.0
        ],
        [
          1.0,
          2e-05,
          2.8e-05,
          0.0,
          -2.1e-05,
          -0.307263,
          0.951624,
          0.374726,
          2.8e-05,
          -0.951625,
          -0.307263,
          -0.0,
          0.0,
          0.0,
          0.0,
          1.0
        ],
        [
          1.0,
          1.5e-05,
          7e-06,
          0.0,
          -1.5e-05,
          0.722475,
          0.691397,
          0.374726,
          5e-06,
          -0.691397,
          0.722475,
          0.0,
          0.0,
          0.0,
          0.0,
          1.0
        ],
        [
          1.0,
          5e-06,
          1e-06,
          -0.0,
          -6e-06,
          0.965395,
          0.260791,
          0.374726,
          0.0,
          -0.260791,
          0.965395,
          -0.0,
          0.0,
          0.0,
          0.0,
          1.0
        ]
      ]
    },
    {
      "name": "Knee_L",
      "time": [
        0.0,
        0.8333
      ],
      "transform": [
        [
          1.0,
          0.0,
          -0.0,
          -0.0,
          -0.0,
          0.00567,
          -0.999984,
          0.374726,
          -0.0,
          0.999984,
          0.00567,
          0.0,
          0.0,
          0.0,
          0.0,
          1.0
        ],
        [
          1.0,
          0.0,
          -0.0,
          -0.0,
          -0.0,
          0.00567,
          -0.999984,
          0.374726,
          -0.0,
          0.999984,
          0.00567,
          0.0,
          0.0,
          0.0,
          0.0,
          1.0
        ]
      ]
    },
    {
      "name": "Torso",
      "time": [
        0.0,
        0.3333,
        0.4167,
        0.5,
        0.8333
      ],
      "transform": [
        [
          0.972875,
          0.0,
          -0.231332,
          0.0,
          0.0,
          1.0,
          0.0,
          0.05,
          0.231332,
          0.0,
          0.972875,
          0.0,
          0.0,
          0.0,
          0.0,
          1.0
        ],
        [
          0.903075,
          0.0,
          0.429483,
          0.0,
          0.0,
          1.0,
          0.0,
          0.05,
          -0.429483,
          0.0,
          0.903075,
          0.0,
          0.0,
          0.0,
          0.0,
          1.0
        ],
        [
          0.999778,
          0.0,
          -0.02108,
          0.0,
          0.0,
          1.0,
          0.0,
          0.05,
          0.02108,
          0.0,
          0.999778,
          0.0,
          0.0,
          0.0,
          0.0,
          1.0
        ],
        [
          0.884193,
          0.0,
          -0.467122,
          0.0,
          0.0,
          1.0,
          0.0,
          0.05,
          0.467122,
          0.0,
          0.884193,
          0.0,
          0.0,
          0.0,
          0.0,
          1.0
        ],
        [
          0.972875,
          0.0,
          -0.231332,
          0.0,
          0.0,
          1.0,
          0.0,
          0.05,
          0.231332,
          0.0,
          0.972875,
          0.0,
          0.0,
          0.0,
          0.0,
          1.0
        ]
      ]
    },
    {
      "name": "Chest",
      "time": [
        0.0,
        0.3333,
        0.4167,
        0.5,
        0.8333
      ],
      "transform": [
        [
          0.786187,
          0.0,
          -0.617989,
          -0.0,
          0.0,
          1.0,
          0.0,
          0.3,
          0.617989,
          0.0,
          0.786187,
          0.0,
          0.0,
          0.0,
          0.0,
          1.0
        ],
        [
          0.820387,
          0.0,
          0.571809,
          -0.0,
          0.0,
          1.0,
          0.0,
          0.3,
          -0.571809,
          0.0,
          0.820387,
          -0.0,
          0.0,
          0.0,
          0.0,
          1.0
        ],
        [
          0.988526,
          0.0,
          -0.151052,
          0.0,
          0.0,
          1.0,
          0.0,
          0.3,
          0.151052,
          0.0,
          0.988526,
          0.0,
          0.0,
          0.0,
          0.0,
          1.0
        ],
        [
          0.612186,
          0.0,
          -0.790714,
          -0.0,
          0.0,
          1.0,
          0.0,
          0.3,
          0.790714,
          0.0,
          0.612186,
          0.0,
          0.0,
          0.0,
          0.0,
          1.0
        ],
        [
          0.786187,
          0.0,
          -0.617989,
          -0.0,
          0.0,
          1.0,
          0.0,
          0.3,
          0.617989,
          0.0,
          0.786187,
          0.0,
          0.0,
          0.0,
          0.0,
          1.0
        ]
      ]
    },
    {
      "name": "Head",
      "time": [
        0.0,
        0.3333,
        0.4167,
        0.5,
        0.8333
      ],
      "transform": [
        [
          0.614053,
          0.0,
          0.789265,
          0.0,
          0.0,
          1.0,
          0.0,
          0.4,
          -0.789265,
          0.0,
          0.614053,
          0.0,
          0.0,
          0.0,
          0.0,
          1.0
        ],
        [
          0.981649,
          0.0,
          -0.190697,
          0.0,
          0.0,
          1.0,
          0.0,
          0.4,
          0.190697,
          0.0,
          0.981649,
          -0.0,
          0.0,
          0.0,
          0.0,
          1.0
        ],
        [
          0.936295,
          0.0,
          0.351216,
          0.0,
          0.0,
          1.0,
          0.0,
          0.4,
          -0.351216,
          0.0,
          0.936294,
          -0.0,
          0.0,
          0.0,
          0.0,
          1.0
        ],
        [
          0.614053,
          0.0,
          0.789265,
          0.0,
          0.0,
          1.0,
          0.0,
          0.4,
          -0.789265,
          0.0,
          0.614053,
          -0.0,
          0.0,
          0.0,
          0.0,
          1.0
        ],
        [
          0.614053,
          0.0,
          0.789265,
          0.0,
          0.0,
          1.0,
          0.0,
          0.4,
          -0.789265,
          0.0,
          0.614053,
          0.0,
          0.0,
          0.0,
          0.0,
          1.0
        ]
      ]
    },
    {
      "name": "Shoulder_R",
      "time": [
        0.0,
        0.8333
      ],
      "transform": [
        [
          0.0,
          0.952114,
          0.305743,
          0.0,
          0.0,
          -0.305743,
          0.952114,
          0.4,
          1.0,
          0.0,
          -0.0,
          0.0,
          0.0,
          0.0,
          0.0,
          1.0
        ],
        [
          0.0,
          0.952114,
          0.305743,
          0.0,
          0.0,
          -0.305743,
          0.952114,
          0.4,
          1.0,
          0.0,
          -0.0,
          0.0,
          0.0,
          0.0,
          0.0,
          1.0
        ]
      ]
    },
    {
      "name": "Arm_R",
      "time": [
        0.0,
        0.3333,
        0.4167,
        0.5,
        0.8333
      ],
      "transform": [
        [
          -0.548373,
          -0.805061,
          -0.226196,
          0.0,
          0.65464,
          -0.244981,
          -0.715144,
          0.39386,
          0.52032,
          -0.540242,
          0.661366,
          0.0,
          0.0,
          0.0,
          0.0,
          1.0
        ],
        [
          0.063546,
          -0.48564,
          -0.871847,
          -0.0,
          0.251922,
          0.853126,
          -0.45685,
          0.393861,
          0.965659,
          -0.190607,
          0.176556,
          -0.0,
          0.0,
          0.0,
          0.0,
          1.0
        ],
        [
          -0.814506,
          -0.572614,
          -0.093239,
          -0.0,
          -0.120153,
          0.323725,
          -0.938491,
          0.39386,
          0.567577,
          -0.753203,
          -0.332478,
          -0.0,
          0.0,
          0.0,
          0.0,
          1.0
        ],
        [
          -0.619632,
          -0.461353,
          -0.634988,
          -0.0,
          0.348905,
          0.562783,
          -0.74936,
          0.39386,
          0.703079,
          -0.685879,
          -0.18775,
          -0.0,
          0.0,
          0.0,
          0.0,
          1.0
        ],
        [
          -0.548373,
          -0.805061,
          -0.226196,
          0.0,
          0.65464,
          -0.244981,
          -0.715144,
          0.39386,
          0.52032,
          -0.540242,
          0.661366,
          0.0,
          0.0,
          0.0,
          0.0,
          1.0
        ]
      ]
    },
    {
      "name": "Hand_R",
      "time": [
        0.0,
        0.3333,
        0.4167,
        0.5,
        0.8333
      ],
      "transform": [
        [
          1.0,
          -4e-06,
          3e-06,
          0.0,
          4e-06,
          0.189024,
          -0.981973,
          0.300003,
          3e-06,
          0.981973,
          0.189024,
          0.0,
          0.0,
          0.0,
          0.0,
          1.0
        ],
        [
          1.0,
          -3e-06,
          2e-06,
          0.0,
          3e-06,
          0.499629,
          -0.86624,
          0.300003,
          2e-06,
          0.866239,
          0.499629,
          -0.0,
          0.0,
          0.0,
          0.0,
          1.0
        ],
        [
          1.0,
          -4e-06,
          3e-06,
          0.0,
          4e-06,
          0.208877,
          -0.977942,
          0.300003,
          3e-06,
          0.977942,
          0.208877,
          -0.0,
          0.0,
          0.0,
          0.0,
          1.0
        ],
        [
          1.0,
          -2e-06,
          1e-06,
          0.0,
          2e-06,
          0.750329,
          -0.661065,
          0.300002,
          1e-06,
          0.661065,
          0.750329,
          -0.0,
          0.0,
          0.0,
          0.0,
          1.0
        ],
        [
          1.0,
          -4e-06,
          3e-06,
          0.0,
          4e-06,
          0.189024,
          -0.981973,
          0.300003,
          3e-06,
          0.981973,
          0.189024,
          0.0,
          0.0,
          0.0,
          0.0,
          1.0
        ]
      ]
    },
    {
      "name": "Tool_R",
      "time": [
        0.0,
        0.3333,
        0.4167,
        0.5,
        0.8333
      ],
      "transform": [
        [
          0.932253,
          0.233399,
          -0.276459,
          -0.0,
          -0.099514,
          -0.569224,
          -0.816138,
          0.271711,
          -0.347853,
          0.788359,
          -0.507435,
          -0.028915,
          0.0,
          0.0,
          0.0,
          1.0
        ],
        [
          0.029742,
          0.272827,
          -0.961604,
          -0.0,
          0.99865,
          -0.049085,
          0.016961,
          0.271711,
          -0.042573,
          -0.96081,
          -0.273919,
          -0.028915,
          0.0,
          0.0,
          0.0,
          1.0
        ],
        [
          0.409426,
          0.774851,
          -0.48164,
          0.0,
          0.878514,
          -0.477255,
          -0.021001,
          0.271711,
          -0.246137,
          -0.414529,
          -0.876118,
          -0.028915,
          0.0,
          0.0,
          0.0,
          1.0
        ],
        [
          0.888688,
          0.347115,
          -0.299574,
          0.0,
          0.424454,
          -0.869912,
          0.251183,
          0.271711,
          -0.173414,
          -0.350379,
          -0.920415,
          -0.028915,
          0.0,
          0.0,
          0.0,
          1.0
        ],
        [
          0.932253,
          0.233399,
          -0.276459,
          -0.0,
          -0.099514,
          -0.569224,
          -0.816138,
          0.271711,
          -0.347853,
          0.788359,
          -0.507435,
          -0.028915,
          0.0,
          0.0,
          0.0,
          1.0
        ]
      ]
    },
    {
      "name": "Elbow_R",
      "time": [
        0.0,
        0.8333
      ],
      "transform": [
        [
          -1.0,
          0.0,
          -0.0,
          0.0,
          -0.0,
          0.003946,
          -0.999992,
          0.428577,
          -0.0,
          -0.999992,
          -0.003946,
          -0.000745,
          0.0,
          0.0,
          0.0,
          1.0
        ],
        [
          -1.0,
          0.0,
          -0.0,
          0.0,
          -0.0,
          0.003946,
          -0.999992,
          0.428577,
          -0.0,
          -0.999992,
          -0.003946,
          -0.000745,
          0.0,
          0.0,
          0.0,
          1.0
        ]
      ]
    },
    {
      "name": "Shoulder_L",
      "time": [
        0.0,
        0.8333
      ],
      "transform": [
        [
          0.0,
          -0.952114,
          -0.305743,
          0.049421,
          0.0,
          -0.305743,
          0.952114,
          0.4,
          -1.0,
          0.0,
          0.0,
          -0.066392,
          0.0,
          0.0,
          0.0,
          1.0
        ],
        [
          0.0,
          -0.952114,
          -0.305743,
          0.049421,
          0.0,
          -0.305743,
          0.952114,
          0.4,
          -1.0,
          0.0,
          0.0,
          -0.066392,
          0.0,
          0.0,
          0.0,
          1.0
        ]
      ]
    },
    {
      "name": "Arm_L",
      "time": [
        0.0,
        0.3333,
        0.4167,
        0.5,
        0.8333
      ],
      "transform": [
        [
          -0.233464,
          0.696969,
          0.678032,
          -0.0,
          -0.833379,
          0.215834,
          -0.508816,
          0.39386,
          -0.500972,
          -0.683848,
          0.530451,
          0.0,
          0.0,
          0.0,
          0.0,
          1.0
        ],
        [
          -0.374936,
          0.841091,
          -0.389855,
          0.0,
          -0.899551,
          -0.431747,
          -0.066344,
          0.39386,
          -0.224121,
          0.325819,
          0.918483,
          -0.0,
          0.0,
          0.0,
          0.0,
          1.0
        ],
        [
          -0.728149,
          0.539544,
          0.422718,
          0.0,
          -0.145111,
          0.481401,
          -0.864405,
          0.39386,
          -0.669882,
          -0.690756,
          -0.272238,
          0.0,
          0.0,
          0.0,
          0.0,
          1.0
        ],
        [
          -0.017219,
          0.558311,
          0.829452,
          -0.0,
          -0.994045,
          0.079711,
          -0.07429,
          0.39386,
          -0.107593,
          -0.825792,
          0.553615,
          -0.0,
          0.0,
          0.0,
          0.0,
          1.0
        ],
        [
          -0.233464,
          0.696969,
          0.678032,
          -0.0,
          -0.833379,
          0.215834,
          -0.508816,
          0.39386,
          -0.500972,
          -0.683848,
          0.530451,
          0.0,
          0.0,
          0.0,
          0.0,
          1.0
        ]
      ]
    },
    {
      "name": "Hand_L",
      "time": [
        0.0,
        0.3333,
        0.4167,
        0.5,
        0.8333
      ],
      "transform": [
        [
          1.0,
          -0.0,
          0.0,
          0.0,
          0.0,
          0.232462,
          -0.972606,
          0.300003,
          0.0,
          0.972605,
          0.232462,
          0.0,
          0.0,
          0.0,
          0.0,
          1.0
        ],
        [
          1.0,
          -0.0,
          0.0,
          0.0,
          -0.0,
          1.0,
          -0.001004,
          0.300002,
          -0.0,
          0.001004,
          1.0,
          0.0,
          0.0,
          0.0,
          0.0,
          1.0
        ],
        [
          1.0,
          -0.0,
          0.0,
          0.0,
          0.0,
          -0.535965,
          -0.84424,
          0.300003,
          0.0,
          0.84424,
          -0.535965,
          -0.0,
          0.0,
          0.0,
          0.0,
          1.0
        ],
        [
          1.0,
          -0.0,
          0.0,
          0.0,
          0.0,
          1.0,
          -0.001002,
          0.300003,
          -0.0,
          0.001002,
          1.0,
          -0.0,
          0.0,
          0.0,
          0.0,
          1.0
        ],
        [
          1.0,
          -0.0,
          0.0,
          0.0,
          0.0,
          0.232462,
          -0.972606,
          0.300003,
          0.0,
          0.972605,
          0.232462,
          0.0,
          0.0,
          0.0,
          0.0,
          1.0
        ]
      ]
    },
    {
      "name": "Tool_L",
      "time": [
        0.0,
        0.3333,
        0.4167,
        0.5,
        0.8333
      ],
      "transform": [
        [
          0.125319,
          -0.360234,
          0.924406,
          -0.0,
          0.116629,
          -0.919942,
          -0.374306,
          0.271711,
          0.985238,
          0.15472,
          -0.073272,
          -0.028915,
          0.0,
          0.0,
          0.0,
          1.0
        ],
        [
          0.125319,
          -0.360234,
          0.924406,
          0.0,
          0.116629,
          -0.919942,
          -0.374306,
          0.271711,
          0.985238,
          0.15472,
          -0.073272,
          -0.028915,
          0.0,
          0.0,
          0.0,
          1.0
        ],
        [
          0.125319,
          -0.360234,
          0.924406,
          -0.0,
          0.116629,
          -0.919942,
          -0.374306,
          0.271711,
          0.985238,
          0.15472,
          -0.073272,
          -0.028915,
          0.0,
          0.0,
          0.0,
          1.0
        ],
        [
          0.125319,
          -0.360234,
          0.924406,
          -0.0,
          0.116629,
          -0.919942,
          -0.374306,
          0.271711,
          0.985238,
          0.15472,
          -0.073272,
          -0.028915,
          0.0,
          0.0,
          0.0,
          1.0
        ],
        [
          0.125319,
          -0.360234,
          0.924406,
          -0.0,
          0.116629,
          -0.919942,
          -0.374306,
          0.271711,
          0.985238,
          0.15472,
          -0.073272,
          -0.028915,
          0.0,
          0.0,
          0.0,
          1.0
        ]
      ]
    },
    {
      "name": "Elbow_L",
      "time": [
        0.0,
        0.8333
      ],
      "transform": [
        [
          -1.0,
          0.0,
          -0.0,
          0.0,
          0.0,
          0.003946,
          -0.999992,
          0.424412,
          -0.0,
          -0.999993,
          -0.003946,
          -0.000761,
          0.0,
          0.0,
          0.0,
          1.0
        ],
        [
          -1.0,
          0.0,
          -0.0,
          0.0,
          0.0,
          0.003946,
          -0.999992,
          0.424412,
          -0.0,
          -0.999993,
          -0.003946,
          -0.000761,
          0.0,
          0.0,
          0.0,
          1.0
        ]
      ]
    },
    {
      "name": "IK-Thigh_R",
      "time": [
        0.0,
        0.3333,
        0.4167,
        0.5,
        0.8333
      ],
      "transform": [
        [
          1.0,
          -0.0,
          -0.0,
          0.124994,
          -0.0,
          -0.998131,
          -0.061108,
          -0.00251,
          -0.0,
          0.061108,
          -0.998131,
          0.057555,
          0.0,
          0.0,
          0.0,
          1.0
        ],
        [
          1.0,
          -0.0,
          -0.0,
          0.124994,
          -0.0,
          -0.977923,
          0.208967,
          0.003231,
          -0.0,
          -0.208967,
          -0.977923,
          -0.091689,
          0.0,
          0.0,
          0.0,
          1.0
        ],
        [
          1.0,
          -0.0,
          -0.0,
          0.124994,
          -0.0,
          -0.989389,
          -0.145292,
          0.00036,
          -0.0,
          0.145292,
          -0.989389,
          -0.017067,
          0.0,
          0.0,
          0.0,
          1.0
        ],
        [
          1.0,
          -0.0,
          -0.0,
          0.124994,
          -0.0,
          -0.871351,
          -0.490661,
          -0.00251,
          -0.0,
          0.490661,
          -0.871351,
          0.057555,
          0.0,
          0.0,
          0.0,
          1.0
        ],
        [
          1.0,
          -0.0,
          -0.0,
          0.124994,
          -0.0,
          -0.998131,
          -0.061108,
          -0.00251,
          -0.0,
          0.061108,
          -0.998131,
          0.057555,
          0.0,
          0.0,
          0.0,
          1.0
        ]
      ]
    },
    {
      "name": "IK-Leg_R",
      "time": [
        0.0,
        0.8333
      ],
      "transform": [
        [
          1.0,
          0.0,
          1e-06,
          0.0,
          -0.0,
          0.999999,
          0.001468,
          0.374726,
          -1e-06,
          -0.001468,
          0.999999,
          -0.0,
          0.0,
          0.0,
          0.0,
          1.0
        ],
        [
          1.0,
          0.0,
          1e-06,
          0.0,
          -0.0,
          0.999999,
          0.001468,
          0.374726,
          -1e-06,
          -0.001468,
          0.999999,
          -0.0,
          0.0,
          0.0,
          0.0,
          1.0
        ]
      ]
    },
    {
      "name": "IK-Thigh_L",
      "time": [
        0.0,
        0.3333,
        0.4167,
        0.5,
        0.8333
      ],
      "transform": [
        [
          1.0,
          -3e-06,
          0.0,
          -0.125006,
          -3e-06,
          -0.968658,
          0.2484,
          -0.002831,
          -1e-06,
          -0.248401,
          -0.968658,
          -0.070633,
          0.0,
          0.0,
          0.0,
          1.0
        ],
        [
          1.0,
          -5e-06,
          1e-06,
          -0.125006,
          -5e-06,
          -0.998462,
          -0.055451,
          -0.020051,
          1e-06,
          0.055452,
          -0.998461,
          0.101571,
          0.0,
          0.0,
          0.0,
          1.0
        ],
        [
          0.979618,
          0.038821,
          0.197083,
          -0.125006,
          -0.132931,
          -0.610278,
          0.780955,
          -0.011441,
          0.150593,
          -0.791236,
          -0.592679,
          0.015469,
          0.0,
          0.0,
          0.0,
          1.0
        ],
        [
          1.0,
          -8e-06,
          1e-06,
          -0.125006,
          -7e-06,
          -0.739117,
          0.673577,
          -0.002831,
          -5e-06,
          -0.673578,
          -0.739117,
          -0.070633,
          0.0,
          0.0,
          0.0,
          1.0
        ],
        [
          1.0,
          -3e-06,
          0.0,
          -0.125006,
          -3e-06,
          -0.968658,
          0.2484,
          -0.002831,
          -1e-06,
          -0.248401,
          -0.968658,
          -0.070633,
          0.0,
          0.0,
          0.0,
          1.0
        ]
      ]
    }
  ]
}