{
  "constructor": {
    "invocation_command": "(0.17#F,epic_fight_musket_compat:biped/combat/pistol_auto#java.lang.String,epicfight:entity/biped#yesman.epicfight.api.model.Armature,[(0.0#F,0.1#F,0.4#F,0.6#F,0.7#F,0.7#F,MAIN_HAND#net.minecraft.world.InteractionHand,epicfight:entity/biped.Tool_R#yesman.epicfight.api.animation.Joint,(3#I,0.4d#D,0.4d#D,0.4d#D,0.0d#D,0.0d#D,0.0d#D)#yesman.epicfight.api.collider.MultiOBBCollider)]#yesman.epicfight.api.animation.types.AttackAnimation$Phase)#yesman.epicfight.api.animation.types.BasicAttackAnimation"
  },
  "animation": [
    {
      "name": "Root",
      "time": [
        0.0,
        0.3333,
        0.4167,
        0.4833,
        0.5833,
        1.0
      ],
      "transform": [
        [
          1.0,
          0.0,
          0.0,
          -5e-06,
          0.0,
          0.0,
          -1.0,
          -0.013766,
          0.0,
          1.0,
          0.0,
          0.724737,
          0.0,
          0.0,
          0.0,
          1.0
        ],
        [
          1.0,
          0.0,
          0.0,
          -5e-06,
          0.0,
          0.0,
          -1.0,
          0.12084,
          0.0,
          1.0,
          0.0,
          0.724737,
          0.0,
          0.0,
          0.0,
          1.0
        ],
        [
          1.0,
          0.0,
          0.0,
          -5e-06,
          0.0,
          0.0,
          -1.0,
          0.221233,
          0.0,
          1.0,
          0.0,
          0.709504,
          0.0,
          0.0,
          0.0,
          1.0
        ],
        [
          1.0,
          0.0,
          0.0,
          -5e-06,
          0.0,
          0.0,
          -1.0,
          0.298707,
          0.0,
          1.0,
          0.0,
          0.686663,
          0.0,
          0.0,
          0.0,
          1.0
        ],
        [
          1.0,
          0.0,
          0.0,
          -5e-06,
          0.0,
          0.0,
          -1.0,
          0.355867,
          0.0,
          1.0,
          0.0,
          0.665981,
          0.0,
          0.0,
          0.0,
          1.0
        ],
        [
          1.0,
          0.0,
          0.0,
          -5e-06,
          0.0,
          0.0,
          -1.0,
          -0.013766,
          0.0,
          1.0,
          0.0,
          0.724737,
          0.0,
          0.0,
          0.0,
          1.0
        ]
      ]
    },
    {
      "name": "Thigh_R",
      "time": [
        0.0,
        0.3333,
        0.4167,
        0.4833,
        0.5833,
        1.0
      ],
      "transform": [
        [
          1.0,
          -3e-06,
          0.0,
          0.124994,
          -3e-06,
          -0.967268,
          0.253759,
          0.013517,
          -1e-06,
          -0.253759,
          -0.967268,
          -0.057228,
          0.0,
          0.0,
          0.0,
          1.0
        ],
        [
          1.0,
          -1e-05,
          2e-06,
          0.124994,
          -8e-06,
          -0.648323,
          0.761366,
          0.077615,
          -6e-06,
          -0.761366,
          -0.648323,
          -0.082868,
          0.0,
          0.0,
          0.0,
          1.0
        ],
        [
          1.0,
          -9e-06,
          2e-06,
          0.124994,
          -8e-06,
          -0.722515,
          0.691355,
          0.06103,
          -5e-06,
          -0.691356,
          -0.722515,
          -0.096645,
          0.0,
          0.0,
          0.0,
          1.0
        ],
        [
          1.0,
          -7e-06,
          0.0,
          0.124994,
          -6e-06,
          -0.830976,
          0.556309,
          0.036101,
          -4e-06,
          -0.556309,
          -0.830976,
          -0.106666,
          0.0,
          0.0,
          0.0,
          1.0
        ],
        [
          1.0,
          -4e-06,
          0.0,
          0.124994,
          -3e-06,
          -0.930564,
          0.366129,
          0.013517,
          -1e-06,
          -0.366129,
          -0.930564,
          -0.113848,
          0.0,
          0.0,
          0.0,
          1.0
        ],
        [
          1.0,
          -3e-06,
          0.0,
          0.124994,
          -3e-06,
          -0.967268,
          0.253759,
          0.013517,
          -1e-06,
          -0.253759,
          -0.967268,
          -0.057228,
          0.0,
          0.0,
          0.0,
          1.0
        ]
      ]
    },
    {
      "name": "Leg_R",
      "time": [
        0.0,
        0.3333,
        0.4167,
        0.4833,
        0.5833,
        1.0
      ],
      "transform": [
        [
          1.0,
          5e-06,
          1e-06,
          0.0,
          -6e-06,
          0.966525,
          0.256573,
          0.374726,
          -0.0,
          -0.256573,
          0.966525,
          0.0,
          0.0,
          0.0,
          0.0,
          1.0
        ],
        [
          1.0,
          1.7e-05,
          1e-05,
          -0.0,
          -1.8e-05,
          0.581156,
          0.813792,
          0.374726,
          8e-06,
          -0.813792,
          0.581156,
          -0.0,
          0.0,
          0.0,
          0.0,
          1.0
        ],
        [
          1.0,
          1.6e-05,
          8e-06,
          -0.0,
          -1.6e-05,
          0.658713,
          0.752394,
          0.374726,
          7e-06,
          -0.752394,
          0.658713,
          -0.0,
          0.0,
          0.0,
          0.0,
          1.0
        ],
        [
          1.0,
          1.3e-05,
          5e-06,
          -0.0,
          -1.3e-05,
          0.798456,
          0.602053,
          0.374726,
          4e-06,
          -0.602053,
          0.798456,
          -0.0,
          0.0,
          0.0,
          0.0,
          1.0
        ],
        [
          1.0,
          7e-06,
          2e-06,
          0.0,
          -7e-06,
          0.945121,
          0.326721,
          0.374726,
          0.0,
          -0.326721,
          0.945121,
          0.0,
          0.0,
          0.0,
          0.0,
          1.0
        ],
        [
          1.0,
          5e-06,
          1e-06,
          0.0,
          -6e-06,
          0.966525,
          0.256573,
          0.374726,
          -0.0,
          -0.256573,
          0.966525,
          0.0,
          0.0,
          0.0,
          0.0,
          1.0
        ]
      ]
    },
    {
      "name": "Knee_R",
      "time": [
        0.0,
        1.0
      ],
      "transform": [
        [
          1.0,
          0.0,
          -0.0,
          -0.0,
          -0.0,
          0.00567,
          -0.999984,
          0.374726,
          -0.0,
          0.999984,
          0.00567,
          0.0,
          0.0,
          0.0,
          0.0,
          1.0
        ],
        [
          1.0,
          0.0,
          -0.0,
          -0.0,
          -0.0,
          0.00567,
          -0.999984,
          0.374726,
          -0.0,
          0.999984,
          0.00567,
          0.0,
          0.0,
          0.0,
          0.0,
          1.0
        ]
      ]
    },
    {
      "name": "Thigh_L",
      "time": [
        0.0,
        0.3333,
        0.4167,
        0.4833,
        0.5833,
        1.0
      ],
      "transform": [
        [
          1.0,
          -0.0,
          -0.0,
          -0.125006,
          -0.0,
          -0.988831,
          -0.14904,
          -0.000466,
          -0.0,
          0.14904,
          -0.988831,
          0.070941,
          0.0,
          0.0,
          0.0,
          1.0
        ],
        [
          1.0,
          -5e-06,
          0.0,
          -0.125006,
          -5e-06,
          -0.994561,
          -0.104158,
          -0.013285,
          1e-06,
          0.104158,
          -0.994561,
          0.09658,
          0.0,
          0.0,
          0.0,
          1.0
        ],
        [
          1.0,
          -5e-06,
          1e-06,
          -0.125006,
          -5e-06,
          -0.985093,
          -0.172026,
          -0.013285,
          2e-06,
          0.172026,
          -0.985093,
          0.09658,
          0.0,
          0.0,
          0.0,
          1.0
        ],
        [
          1.0,
          -7e-06,
          1e-06,
          -0.125006,
          -7e-06,
          -0.99251,
          -0.122163,
          -0.013285,
          2e-06,
          0.122163,
          -0.99251,
          0.09658,
          0.0,
          0.0,
          0.0,
          1.0
        ],
        [
          1.0,
          -9e-06,
          2e-06,
          -0.125006,
          -8e-06,
          -0.997866,
          -0.065296,
          -0.013285,
          2e-06,
          0.065296,
          -0.997866,
          0.09658,
          0.0,
          0.0,
          0.0,
          1.0
        ],
        [
          1.0,
          -0.0,
          -0.0,
          -0.125006,
          -0.0,
          -0.988831,
          -0.14904,
          -0.000466,
          -0.0,
          0.14904,
          -0.988831,
          0.070941,
          0.0,
          0.0,
          0.0,
          1.0
        ]
      ]
    },
    {
      "name": "Leg_L",
      "time": [
        0.0,
        0.3333,
        0.4167,
        0.4833,
        0.5833,
        1.0
      ],
      "transform": [
        [
          1.0,
          0.0,
          1e-06,
          0.0,
          -0.0,
          0.999999,
          0.001462,
          0.374726,
          -1e-06,
          -0.001462,
          0.999999,
          0.0,
          0.0,
          0.0,
          0.0,
          1.0
        ],
        [
          1.0,
          9e-06,
          3e-06,
          0.0,
          -1e-05,
          0.896654,
          0.442731,
          0.374726,
          2e-06,
          -0.442731,
          0.896654,
          0.0,
          0.0,
          0.0,
          0.0,
          1.0
        ],
        [
          1.0,
          1e-05,
          3e-06,
          0.0,
          -1e-05,
          0.876939,
          0.480602,
          0.374726,
          2e-06,
          -0.480603,
          0.876939,
          0.0,
          0.0,
          0.0,
          0.0,
          1.0
        ],
        [
          1.0,
          1.3e-05,
          5e-06,
          0.0,
          -1.4e-05,
          0.7796,
          0.626278,
          0.374726,
          4e-06,
          -0.626278,
          0.7796,
          0.0,
          0.0,
          0.0,
          0.0,
          1.0
        ],
        [
          1.0,
          1.5e-05,
          7e-06,
          -0.0,
          -1.6e-05,
          0.678124,
          0.734948,
          0.374726,
          6e-06,
          -0.734948,
          0.678124,
          -0.0,
          0.0,
          0.0,
          0.0,
          1.0
        ],
        [
          1.0,
          0.0,
          1e-06,
          0.0,
          -0.0,
          0.999999,
          0.001462,
          0.374726,
          -1e-06,
          -0.001462,
          0.999999,
          0.0,
          0.0,
          0.0,
          0.0,
          1.0
        ]
      ]
    },
    {
      "name": "Knee_L",
      "time": [
        0.0,
        1.0
      ],
      "transform": [
        [
          1.0,
          0.0,
          -0.0,
          -0.0,
          -0.0,
          0.00567,
          -0.999984,
          0.374726,
          -0.0,
          0.999984,
          0.00567,
          0.0,
          0.0,
          0.0,
          0.0,
          1.0
        ],
        [
          1.0,
          0.0,
          -0.0,
          -0.0,
          -0.0,
          0.00567,
          -0.999984,
          0.374726,
          -0.0,
          0.999984,
          0.00567,
          0.0,
          0.0,
          0.0,
          0.0,
          1.0
        ]
      ]
    },
    {
      "name": "Torso",
      "time": [
        0.0,
        0.3333,
        0.4167,
        0.4833,
        0.5833,
        1.0
      ],
      "transform": [
        [
          0.960802,
          0.0,
          0.277235,
          0.0,
          0.0,
          1.0,
          0.0,
          0.05,
          -0.277235,
          0.0,
          0.960802,
          0.0,
          0.0,
          0.0,
          0.0,
          1.0
        ],
        [
          0.94132,
          0.0,
          0.337514,
          0.0,
          0.0,
          1.0,
          0.0,
          0.05,
          -0.337514,
          0.0,
          0.94132,
          0.0,
          0.0,
          0.0,
          0.0,
          1.0
        ],
        [
          0.91741,
          0.0,
          0.397942,
          0.0,
          0.0,
          1.0,
          0.0,
          0.05,
          -0.397942,
          0.0,
          0.91741,
          0.0,
          0.0,
          0.0,
          0.0,
          1.0
        ],
        [
          0.892614,
          0.0,
          0.450822,
          0.0,
          0.0,
          1.0,
          0.0,
          0.05,
          -0.450822,
          0.0,
          0.892614,
          0.0,
          0.0,
          0.0,
          0.0,
          1.0
        ],
        [
          0.870966,
          0.0,
          0.491343,
          0.0,
          0.0,
          1.0,
          0.0,
          0.05,
          -0.491343,
          0.0,
          0.870966,
          0.0,
          0.0,
          0.0,
          0.0,
          1.0
        ],
        [
          0.960802,
          0.0,
          0.277235,
          0.0,
          0.0,
          1.0,
          0.0,
          0.05,
          -0.277235,
          0.0,
          0.960802,
          0.0,
          0.0,
          0.0,
          0.0,
          1.0
        ]
      ]
    },
    {
      "name": "Chest",
      "time": [
        0.0,
        0.3333,
        0.4167,
        0.4833,
        0.5833,
        1.0
      ],
      "transform": [
        [
          0.826624,
          0.0,
          0.562754,
          0.0,
          0.0,
          1.0,
          0.0,
          0.3,
          -0.562754,
          0.0,
          0.826624,
          0.0,
          0.0,
          0.0,
          0.0,
          1.0
        ],
        [
          0.766882,
          0.0,
          0.641788,
          -0.0,
          0.0,
          1.0,
          0.0,
          0.3,
          -0.641788,
          0.0,
          0.766882,
          0.0,
          0.0,
          0.0,
          0.0,
          1.0
        ],
        [
          0.708182,
          0.009377,
          0.705967,
          0.0,
          -0.058267,
          0.997277,
          0.045204,
          0.3,
          -0.703621,
          -0.073147,
          0.7068,
          0.0,
          0.0,
          0.0,
          0.0,
          1.0
        ],
        [
          0.655287,
          0.016874,
          0.755191,
          0.0,
          -0.149087,
          0.982974,
          0.107401,
          0.3,
          -0.740521,
          -0.182968,
          0.646646,
          -0.0,
          0.0,
          0.0,
          0.0,
          1.0
        ],
        [
          0.612585,
          0.018225,
          0.790195,
          -0.0,
          -0.232474,
          0.959669,
          0.158088,
          0.3,
          -0.755444,
          -0.280542,
          0.592115,
          0.0,
          0.0,
          0.0,
          0.0,
          1.0
        ],
        [
          0.826624,
          0.0,
          0.562754,
          0.0,
          0.0,
          1.0,
          0.0,
          0.3,
          -0.562754,
          0.0,
          0.826624,
          0.0,
          0.0,
          0.0,
          0.0,
          1.0
        ]
      ]
    },
    {
      "name": "Head",
      "time": [
        0.0,
        0.3333,
        0.4167,
        0.4833,
        0.5833,
        1.0
      ],
      "transform": [
        [
          0.6298,
          0.0,
          -0.776758,
          -0.0,
          0.0,
          1.0,
          0.0,
          0.4,
          0.776758,
          0.0,
          0.6298,
          -0.0,
          0.0,
          0.0,
          0.0,
          1.0
        ],
        [
          0.6298,
          0.0,
          -0.776758,
          -0.0,
          0.0,
          1.0,
          0.0,
          0.4,
          0.776758,
          0.0,
          0.6298,
          0.0,
          0.0,
          0.0,
          0.0,
          1.0
        ],
        [
          0.6298,
          0.0,
          -0.776758,
          0.0,
          -0.0,
          1.0,
          -0.0,
          0.4,
          0.776758,
          0.0,
          0.6298,
          -0.0,
          0.0,
          0.0,
          0.0,
          1.0
        ],
        [
          0.6298,
          -0.0,
          -0.776758,
          0.0,
          -0.0,
          1.0,
          -0.0,
          0.4,
          0.776758,
          -0.0,
          0.6298,
          -0.0,
          0.0,
          0.0,
          0.0,
          1.0
        ],
        [
          0.6298,
          -0.0,
          -0.776758,
          -0.0,
          -0.0,
          1.0,
          0.0,
          0.4,
          0.776758,
          0.0,
          0.6298,
          0.0,
          0.0,
          0.0,
          0.0,
          1.0
        ],
        [
          0.6298,
          0.0,
          -0.776758,
          -0.0,
          0.0,
          1.0,
          0.0,
          0.4,
          0.776758,
          0.0,
          0.6298,
          -0.0,
          0.0,
          0.0,
          0.0,
          1.0
        ]
      ]
    },
    {
      "name": "Shoulder_R",
      "time": [
        0.0,
        1.0
      ],
      "transform": [
        [
          0.0,
          0.952114,
          0.305743,
          -0.0,
          0.0,
          -0.305743,
          0.952114,
          0.4,
          1.0,
          0.0,
          -0.0,
          -0.0,
          0.0,
          0.0,
          0.0,
          1.0
        ],
        [
          0.0,
          0.952114,
          0.305743,
          -0.0,
          0.0,
          -0.305743,
          0.952114,
          0.4,
          1.0,
          0.0,
          -0.0,
          -0.0,
          0.0,
          0.0,
          0.0,
          1.0
        ]
      ]
    },
    {
      "name": "Arm_R",
      "time": [
        0.0,
        0.3333,
        0.4167,
        0.4833,
        0.5833,
        1.0
      ],
      "transform": [
        [
          0.768679,
          -0.637744,
          -0.049147,
          0.0,
          0.607878,
          0.752266,
          -0.254126,
          0.39386,
          0.199039,
          0.165467,
          0.965922,
          -0.0,
          0.0,
          0.0,
          0.0,
          1.0
        ],
        [
          0.70369,
          -0.064347,
          0.707587,
          0.0,
          0.667829,
          0.399858,
          -0.627788,
          0.39386,
          -0.242538,
          0.914316,
          0.324349,
          0.0,
          0.0,
          0.0,
          0.0,
          1.0
        ],
        [
          0.801515,
          0.044404,
          -0.596324,
          0.0,
          0.273517,
          0.859579,
          0.43164,
          0.39386,
          0.531754,
          -0.50907,
          0.67682,
          0.0,
          0.0,
          0.0,
          0.0,
          1.0
        ],
        [
          0.853207,
          -0.222155,
          -0.471895,
          0.0,
          0.459812,
          0.74744,
          0.479486,
          0.39386,
          0.246194,
          -0.626084,
          0.73987,
          0.0,
          0.0,
          0.0,
          0.0,
          1.0
        ],
        [
          0.975475,
          -0.18758,
          -0.115167,
          -0.0,
          0.214672,
          0.69513,
          0.686085,
          0.393861,
          -0.048639,
          -0.693981,
          0.718349,
          0.0,
          0.0,
          0.0,
          0.0,
          1.0
        ],
        [
          0.768679,
          -0.637744,
          -0.049147,
          0.0,
          0.607878,
          0.752266,
          -0.254126,
          0.39386,
          0.199039,
          0.165467,
          0.965922,
          -0.0,
          0.0,
          0.0,
          0.0,
          1.0
        ]
      ]
    },
    {
      "name": "Hand_R",
      "time": [
        0.0,
        0.3333,
        0.4167,
        0.4833,
        0.5833,
        1.0
      ],
      "transform": [
        [
          1.0,
          -0.0,
          0.0,
          -0.0,
          0.0,
          1.0,
          -0.00101,
          0.300003,
          -0.0,
          0.00101,
          1.0,
          -0.0,
          0.0,
          0.0,
          0.0,
          1.0
        ],
        [
          1.0,
          -3e-06,
          1e-06,
          -0.0,
          3e-06,
          0.643406,
          -0.765525,
          0.300003,
          1e-06,
          0.765525,
          0.643406,
          0.0,
          0.0,
          0.0,
          0.0,
          1.0
        ],
        [
          1.0,
          -3e-06,
          3e-06,
          0.0,
          3e-06,
          0.294876,
          -0.955536,
          0.300003,
          2e-06,
          0.955536,
          0.294876,
          -0.0,
          0.0,
          0.0,
          0.0,
          1.0
        ],
        [
          1.0,
          0.0,
          0.0,
          0.0,
          0.0,
          1.0,
          -0.001007,
          0.300002,
          -0.0,
          0.001007,
          1.0,
          0.0,
          0.0,
          0.0,
          0.0,
          1.0
        ],
        [
          1.0,
          -0.0,
          0.0,
          0.0,
          -0.0,
          1.0,
          -0.001013,
          0.300003,
          -0.0,
          0.001013,
          1.0,
          -0.0,
          0.0,
          0.0,
          0.0,
          1.0
        ],
        [
          1.0,
          -0.0,
          0.0,
          -0.0,
          0.0,
          1.0,
          -0.00101,
          0.300003,
          -0.0,
          0.00101,
          1.0,
          -0.0,
          0.0,
          0.0,
          0.0,
          1.0
        ]
      ]
    },
    {
      "name": "Tool_R",
      "time": [
        0.0,
        0.3333,
        0.4167,
        0.4833,
        0.5833,
        1.0
      ],
      "transform": [
        [
          1.0,
          -0.0,
          0.0,
          0.000228,
          -0.0,
          -0.999559,
          -0.029689,
          0.267246,
          0.0,
          0.029689,
          -0.99956,
          0.033421,
          0.0,
          0.0,
          0.0,
          1.0
        ],
        [
          1.0,
          -0.0,
          0.0,
          0.000228,
          0.0,
          -0.999559,
          -0.029689,
          0.267245,
          0.0,
          0.029689,
          -0.99956,
          0.033421,
          0.0,
          0.0,
          0.0,
          1.0
        ],
        [
          1.0,
          -0.0,
          0.0,
          0.000228,
          0.0,
          -0.999559,
          -0.029689,
          0.267246,
          0.0,
          0.029689,
          -0.99956,
          0.03342,
          0.0,
          0.0,
          0.0,
          1.0
        ],
        [
          1.0,
          -0.0,
          0.0,
          0.000228,
          0.0,
          -0.999559,
          -0.029689,
          0.267246,
          0.0,
          0.029689,
          -0.99956,
          0.033421,
          0.0,
          0.0,
          0.0,
          1.0
        ],
        [
          1.0,
          -0.0,
          0.0,
          0.000228,
          0.0,
          -0.999559,
          -0.029689,
          0.267246,
          0.0,
          0.029689,
          -0.99956,
          0.033421,
          0.0,
          0.0,
          0.0,
          1.0
        ],
        [
          1.0,
          -0.0,
          0.0,
          0.000228,
          -0.0,
          -0.999559,
          -0.029689,
          0.267246,
          0.0,
          0.029689,
          -0.99956,
          0.033421,
          0.0,
          0.0,
          0.0,
          1.0
        ]
      ]
    },
    {
      "name": "Elbow_R",
      "time": [
        0.0,
        1.0
      ],
      "transform": [
        [
          -1.0,
          0.0,
          -0.0,
          -0.0,
          0.0,
          0.003946,
          -0.999992,
          0.300007,
          -0.0,
          -0.999992,
          -0.003946,
          -0.001252,
          0.0,
          0.0,
          0.0,
          1.0
        ],
        [
          -1.0,
          0.0,
          -0.0,
          -0.0,
          0.0,
          0.003946,
          -0.999992,
          0.300007,
          -0.0,
          -0.999992,
          -0.003946,
          -0.001252,
          0.0,
          0.0,
          0.0,
          1.0
        ]
      ]
    },
    {
      "name": "Shoulder_L",
      "time": [
        0.0,
        1.0
      ],
      "transform": [
        [
          0.0,
          -0.952114,
          -0.305743,
          -0.0,
          0.0,
          -0.305743,
          0.952114,
          0.4,
          -1.0,
          -0.0,
          0.0,
          -0.0,
          0.0,
          0.0,
          0.0,
          1.0
        ],
        [
          0.0,
          -0.952114,
          -0.305743,
          -0.0,
          0.0,
          -0.305743,
          0.952114,
          0.4,
          -1.0,
          -0.0,
          0.0,
          -0.0,
          0.0,
          0.0,
          0.0,
          1.0
        ]
      ]
    },
    {
      "name": "Arm_L",
      "time": [
        0.0,
        0.3333,
        0.4167,
        0.4833,
        0.5833,
        1.0
      ],
      "transform": [
        [
          -0.991473,
          0.123788,
          0.040709,
          0.0,
          0.067702,
          0.756262,
          -0.650756,
          0.39386,
          -0.111343,
          -0.642451,
          -0.758194,
          0.0,
          0.0,
          0.0,
          0.0,
          1.0
        ],
        [
          -0.919489,
          0.367421,
          -0.139789,
          -0.0,
          0.366624,
          0.673156,
          -0.642221,
          0.39386,
          -0.141866,
          -0.641764,
          -0.753665,
          0.0,
          0.0,
          0.0,
          0.0,
          1.0
        ],
        [
          -0.812588,
          0.511007,
          -0.280308,
          0.0,
          0.547693,
          0.504999,
          -0.667089,
          0.39386,
          -0.199333,
          -0.69559,
          -0.690231,
          0.0,
          0.0,
          0.0,
          0.0,
          1.0
        ],
        [
          -0.722677,
          0.553947,
          -0.413376,
          0.0,
          0.636328,
          0.299715,
          -0.710815,
          0.39386,
          -0.269859,
          -0.776732,
          -0.569089,
          -0.0,
          0.0,
          0.0,
          0.0,
          1.0
        ],
        [
          -0.654646,
          0.474132,
          -0.588759,
          -0.0,
          0.680263,
          0.029839,
          -0.73236,
          0.39386,
          -0.329668,
          -0.879947,
          -0.342069,
          0.0,
          0.0,
          0.0,
          0.0,
          1.0
        ],
        [
          -0.991473,
          0.123788,
          0.040709,
          0.0,
          0.067702,
          0.756262,
          -0.650756,
          0.39386,
          -0.111343,
          -0.642451,
          -0.758194,
          0.0,
          0.0,
          0.0,
          0.0,
          1.0
        ]
      ]
    },
    {
      "name": "Hand_L",
      "time": [
        0.0,
        0.3333,
        0.4167,
        0.4833,
        0.5833,
        1.0
      ],
      "transform": [
        [
          1.0,
          -0.0,
          0.0,
          -0.0,
          0.0,
          0.356026,
          -0.934476,
          0.300003,
          0.0,
          0.934476,
          0.356026,
          0.0,
          0.0,
          0.0,
          0.0,
          1.0
        ],
        [
          1.0,
          -0.0,
          0.0,
          -0.0,
          0.0,
          0.422537,
          -0.906346,
          0.300003,
          0.0,
          0.906346,
          0.422537,
          0.0,
          0.0,
          0.0,
          0.0,
          1.0
        ],
        [
          1.0,
          0.0,
          -0.0,
          0.0,
          -0.0,
          0.615146,
          -0.788414,
          0.300003,
          -0.0,
          0.788413,
          0.615146,
          -0.0,
          0.0,
          0.0,
          0.0,
          1.0
        ],
        [
          1.0,
          1e-06,
          -0.0,
          0.0,
          -1e-06,
          0.842919,
          -0.538041,
          0.300002,
          -0.0,
          0.53804,
          0.842919,
          0.0,
          0.0,
          0.0,
          0.0,
          1.0
        ],
        [
          1.0,
          0.0,
          0.0,
          0.0,
          0.0,
          1.0,
          -0.000992,
          0.300002,
          0.0,
          0.000992,
          0.999999,
          0.0,
          0.0,
          0.0,
          0.0,
          1.0
        ],
        [
          1.0,
          -0.0,
          0.0,
          -0.0,
          0.0,
          0.356026,
          -0.934476,
          0.300003,
          0.0,
          0.934476,
          0.356026,
          0.0,
          0.0,
          0.0,
          0.0,
          1.0
        ]
      ]
    },
    {
      "name": "Tool_L",
      "time": [
        0.0,
        0.3333,
        0.4167,
        0.4833,
        0.5833,
        1.0
      ],
      "transform": [
        [
          1.0,
          0.0,
          0.0,
          0.0,
          -0.0,
          -0.999559,
          -0.029689,
          0.271711,
          0.0,
          0.029689,
          -0.99956,
          -0.028915,
          0.0,
          0.0,
          0.0,
          1.0
        ],
        [
          1.0,
          -0.0,
          0.0,
          0.0,
          0.0,
          -0.999559,
          -0.029689,
          0.271711,
          0.0,
          0.029689,
          -0.99956,
          -0.028915,
          0.0,
          0.0,
          0.0,
          1.0
        ],
        [
          1.0,
          -0.0,
          0.0,
          0.0,
          -0.0,
          -0.999559,
          -0.029689,
          0.271711,
          0.0,
          0.029689,
          -0.99956,
          -0.028915,
          0.0,
          0.0,
          0.0,
          1.0
        ],
        [
          1.0,
          0.0,
          0.0,
          -0.0,
          -0.0,
          -0.999559,
          -0.029689,
          0.271711,
          0.0,
          0.029689,
          -0.999559,
          -0.028915,
          0.0,
          0.0,
          0.0,
          1.0
        ],
        [
          1.0,
          0.0,
          0.0,
          0.0,
          0.0,
          -0.999559,
          -0.029689,
          0.271711,
          0.0,
          0.029689,
          -0.99956,
          -0.028915,
          0.0,
          0.0,
          0.0,
          1.0
        ],
        [
          1.0,
          0.0,
          0.0,
          0.0,
          -0.0,
          -0.999559,
          -0.029689,
          0.271711,
          0.0,
          0.029689,
          -0.99956,
          -0.028915,
          0.0,
          0.0,
          0.0,
          1.0
        ]
      ]
    },
    {
      "name": "Elbow_L",
      "time": [
        0.0,
        1.0
      ],
      "transform": [
        [
          -1.0,
          0.0,
          -0.0,
          0.0,
          0.0,
          0.003946,
          -0.999992,
          0.412286,
          -0.0,
          -0.999992,
          -0.003946,
          -0.000809,
          0.0,
          0.0,
          0.0,
          1.0
        ],
        [
          -1.0,
          0.0,
          -0.0,
          0.0,
          0.0,
          0.003946,
          -0.999992,
          0.412286,
          -0.0,
          -0.999992,
          -0.003946,
          -0.000809,
          0.0,
          0.0,
          0.0,
          1.0
        ]
      ]
    },
    {
      "name": "IK-Thigh_R",
      "time": [
        0.0,
        0.3333,
        0.4167,
        0.4833,
        0.5833,
        1.0
      ],
      "transform": [
        [
          1.0,
          -3e-06,
          0.0,
          0.124994,
          -3e-06,
          -0.967268,
          0.253759,
          0.013517,
          -1e-06,
          -0.253759,
          -0.967268,
          -0.057228,
          0.0,
          0.0,
          0.0,
          1.0
        ],
        [
          1.0,
          -1e-05,
          2e-06,
          0.124994,
          -8e-06,
          -0.648323,
          0.761366,
          0.077615,
          -6e-06,
          -0.761366,
          -0.648323,
          -0.082868,
          0.0,
          0.0,
          0.0,
          1.0
        ],
        [
          1.0,
          -9e-06,
          2e-06,
          0.124994,
          -8e-06,
          -0.722515,
          0.691355,
          0.06103,
          -5e-06,
          -0.691356,
          -0.722515,
          -0.096645,
          0.0,
          0.0,
          0.0,
          1.0
        ],
        [
          1.0,
          -7e-06,
          0.0,
          0.124994,
          -6e-06,
          -0.830976,
          0.556309,
          0.036101,
          -4e-06,
          -0.556309,
          -0.830976,
          -0.106666,
          0.0,
          0.0,
          0.0,
          1.0
        ],
        [
          1.0,
          -4e-06,
          0.0,
          0.124994,
          -3e-06,
          -0.930564,
          0.366129,
          0.013517,
          -1e-06,
          -0.366129,
          -0.930564,
          -0.113848,
          0.0,
          0.0,
          0.0,
          1.0
        ],
        [
          1.0,
          -3e-06,
          0.0,
          0.124994,
          -3e-06,
          -0.967268,
          0.253759,
          0.013517,
          -1e-06,
          -0.253759,
          -0.967268,
          -0.057228,
          0.0,
          0.0,
          0.0,
          1.0
        ]
      ]
    },
    {
      "name": "IK-Leg_R",
      "time": [
        0.0,
        1.0
      ],
      "transform": [
        [
          1.0,
          5e-06,
          1e-06,
          -0.0,
          -6e-06,
          0.966525,
          0.256573,
          0.374726,
          -0.0,
          -0.256573,
          0.966525,
          0.0,
          0.0,
          0.0,
          0.0,
          1.0
        ],
        [
          1.0,
          5e-06,
          1e-06,
          -0.0,
          -6e-06,
          0.966525,
          0.256573,
          0.374726,
          -0.0,
          -0.256573,
          0.966525,
          0.0,
          0.0,
          0.0,
          0.0,
          1.0
        ]
      ]
    },
    {
      "name": "IK-Thigh_L",
      "time": [
        0.0,
        0.3333,
        0.4167,
        0.4833,
        0.5833,
        1.0
      ],
      "transform": [
        [
          1.0,
          -0.0,
          -0.0,
          -0.125006,
          -0.0,
          -0.988831,
          -0.14904,
          -0.000466,
          -0.0,
          0.14904,
          -0.988831,
          0.070941,
          0.0,
          0.0,
          0.0,
          1.0
        ],
        [
          1.0,
          -5e-06,
          0.0,
          -0.125006,
          -5e-06,
          -0.994561,
          -0.104158,
          -0.013285,
          1e-06,
          0.104158,
          -0.994561,
          0.09658,
          0.0,
          0.0,
          0.0,
          1.0
        ],
        [
          1.0,
          -5e-06,
          1e-06,
          -0.125006,
          -5e-06,
          -0.985093,
          -0.172026,
          -0.013285,
          2e-06,
          0.172026,
          -0.985093,
          0.09658,
          0.0,
          0.0,
          0.0,
          1.0
        ],
        [
          1.0,
          -7e-06,
          1e-06,
          -0.125006,
          -7e-06,
          -0.99251,
          -0.122163,
          -0.013285,
          2e-06,
          0.122163,
          -0.99251,
          0.09658,
          0.0,
          0.0,
          0.0,
          1.0
        ],
        [
          1.0,
          -9e-06,
          2e-06,
          -0.125006,
          -8e-06,
          -0.997866,
          -0.065296,
          -0.013285,
          2e-06,
          0.065296,
          -0.997866,
          0.09658,
          0.0,
          0.0,
          0.0,
          1.0
        ],
        [
          1.0,
          -0.0,
          -0.0,
          -0.125006,
          -0.0,
          -0.988831,
          -0.14904,
          -0.000466,
          -0.0,
          0.14904,
          -0.988831,
          0.070941,
          0.0,
          0.0,
          0.0,
          1.0
        ]
      ]
    }
  ]
}