{
  "animation": [
    {
      "name": "Root",
      "time": [
        0.0,
        0.2,
        0.3167,
        0.35,
        0.4167,
        0.6667
      ],
      "transform": [
        [
          1.0,
          0.0,
          0.0,
          -5e-06,
          0.0,
          0.0,
          -1.0,
          -0.013766,
          0.0,
          1.0,
          0.0,
          0.724737,
          0.0,
          0.0,
          0.0,
          1.0
        ],
        [
          1.0,
          0.0,
          0.0,
          -5e-06,
          0.0,
          0.0,
          -1.0,
          0.155562,
          0.0,
          1.0,
          0.0,
          0.710388,
          0.0,
          0.0,
          0.0,
          1.0
        ],
        [
          1.0,
          0.0,
          0.0,
          -5e-06,
          0.0,
          0.0,
          -1.0,
          0.25174,
          0.0,
          1.0,
          0.0,
          0.682974,
          0.0,
          0.0,
          0.0,
          1.0
        ],
        [
          1.0,
          0.0,
          0.0,
          -5e-06,
          0.0,
          0.0,
          -1.0,
          0.28967,
          0.0,
          1.0,
          0.0,
          0.6672,
          0.0,
          0.0,
          0.0,
          1.0
        ],
        [
          1.0,
          0.0,
          0.0,
          -5e-06,
          0.0,
          0.0,
          -1.0,
          0.32489,
          0.0,
          1.0,
          0.0,
          0.650118,
          0.0,
          0.0,
          0.0,
          1.0
        ],
        [
          1.0,
          0.0,
          0.0,
          -5e-06,
          0.0,
          0.0,
          -1.0,
          0.30767,
          0.0,
          1.0,
          0.0,
          0.713258,
          0.0,
          0.0,
          0.0,
          1.0
        ]
      ]
    },
    {
      "name": "Thigh_R",
      "time": [
        0.0,
        0.2,
        0.3167,
        0.35,
        0.4167,
        0.6667
      ],
      "transform": [
        [
          1.0,
          -3e-06,
          0.0,
          0.124994,
          -3e-06,
          -0.967268,
          0.253759,
          0.013517,
          -1e-06,
          -0.253759,
          -0.967268,
          -0.057228,
          0.0,
          0.0,
          0.0,
          1.0
        ],
        [
          1.0,
          -0.0,
          -0.0,
          0.124994,
          -0.0,
          -0.989748,
          -0.142825,
          -0.00535,
          -0.0,
          0.142825,
          -0.989748,
          -0.023597,
          0.0,
          0.0,
          0.0,
          1.0
        ],
        [
          1.0,
          -0.0,
          -0.0,
          0.124994,
          -0.0,
          -0.936021,
          -0.351944,
          -0.01315,
          -0.0,
          0.351945,
          -0.936021,
          0.034651,
          0.0,
          0.0,
          0.0,
          1.0
        ],
        [
          1.0,
          -7e-06,
          1e-06,
          0.124994,
          -7e-06,
          -0.992993,
          -0.118174,
          -0.014586,
          2e-06,
          0.118174,
          -0.992993,
          0.080806,
          0.0,
          0.0,
          0.0,
          1.0
        ],
        [
          1.0,
          -1e-05,
          2e-06,
          0.124994,
          -1e-05,
          -0.999701,
          -0.024451,
          0.007777,
          3e-06,
          0.024451,
          -0.999701,
          0.16089,
          0.0,
          0.0,
          0.0,
          1.0
        ],
        [
          1.0,
          -3e-06,
          0.0,
          0.124994,
          -3e-06,
          -0.967268,
          0.253759,
          0.013517,
          -1e-06,
          -0.253759,
          -0.967268,
          -0.057228,
          0.0,
          0.0,
          0.0,
          1.0
        ]
      ]
    },
    {
      "name": "Leg_R",
      "time": [
        0.0,
        0.2,
        0.3167,
        0.35,
        0.4167,
        0.6667
      ],
      "transform": [
        [
          1.0,
          5e-06,
          1e-06,
          0.0,
          -6e-06,
          0.966525,
          0.256573,
          0.374726,
          -0.0,
          -0.256573,
          0.966525,
          0.0,
          0.0,
          0.0,
          0.0,
          1.0
        ],
        [
          1.0,
          0.0,
          1e-06,
          -0.0,
          -0.0,
          0.999999,
          0.001465,
          0.374726,
          -1e-06,
          -0.001465,
          0.999999,
          -0.0,
          0.0,
          0.0,
          0.0,
          1.0
        ],
        [
          1.0,
          0.0,
          1e-06,
          -0.0,
          -0.0,
          0.999999,
          0.00146,
          0.374726,
          -1e-06,
          -0.00146,
          0.999999,
          0.0,
          0.0,
          0.0,
          0.0,
          1.0
        ],
        [
          1.0,
          1.3e-05,
          5e-06,
          -0.0,
          -1.4e-05,
          0.778319,
          0.627869,
          0.374726,
          4e-06,
          -0.627869,
          0.778319,
          0.0,
          0.0,
          0.0,
          0.0,
          1.0
        ],
        [
          1.0,
          1.7e-05,
          1e-05,
          0.0,
          -1.8e-05,
          0.559461,
          0.828857,
          0.374726,
          9e-06,
          -0.828857,
          0.559461,
          0.0,
          0.0,
          0.0,
          0.0,
          1.0
        ],
        [
          1.0,
          5e-06,
          1e-06,
          -0.0,
          -6e-06,
          0.966525,
          0.256573,
          0.374726,
          -0.0,
          -0.256573,
          0.966525,
          -0.0,
          0.0,
          0.0,
          0.0,
          1.0
        ]
      ]
    },
    {
      "name": "Knee_R",
      "time": [
        0.0,
        0.6667
      ],
      "transform": [
        [
          1.0,
          0.0,
          -0.0,
          -0.0,
          -0.0,
          0.00567,
          -0.999984,
          0.374726,
          -0.0,
          0.999984,
          0.00567,
          0.0,
          0.0,
          0.0,
          0.0,
          1.0
        ],
        [
          1.0,
          0.0,
          -0.0,
          -0.0,
          -0.0,
          0.00567,
          -0.999984,
          0.374726,
          -0.0,
          0.999984,
          0.00567,
          -0.0,
          0.0,
          0.0,
          0.0,
          1.0
        ]
      ]
    },
    {
      "name": "Thigh_L",
      "time": [
        0.0,
        0.2,
        0.3167,
        0.35,
        0.4167,
        0.6667
      ],
      "transform": [
        [
          1.0,
          -0.0,
          -0.0,
          -0.125006,
          -0.0,
          -0.988831,
          -0.14904,
          -0.000466,
          -0.0,
          0.14904,
          -0.988831,
          0.070941,
          0.0,
          0.0,
          0.0,
          1.0
        ],
        [
          1.0,
          -1.7e-05,
          9e-06,
          -0.125006,
          -1.9e-05,
          -0.686723,
          0.726919,
          0.008144,
          -6e-06,
          -0.726919,
          -0.686723,
          -0.009418,
          0.0,
          0.0,
          0.0,
          1.0
        ],
        [
          1.0,
          -1.6e-05,
          7e-06,
          -0.125006,
          -1.4e-05,
          -0.557546,
          0.830147,
          0.013035,
          -9e-06,
          -0.830147,
          -0.557545,
          -0.055062,
          0.0,
          0.0,
          0.0,
          1.0
        ],
        [
          1.0,
          -1.3e-05,
          4e-06,
          -0.125006,
          -1.1e-05,
          -0.616176,
          0.787609,
          0.014963,
          -8e-06,
          -0.787609,
          -0.616176,
          -0.073063,
          0.0,
          0.0,
          0.0,
          1.0
        ],
        [
          1.0,
          -7e-06,
          1e-06,
          -0.125006,
          -6e-06,
          -0.787447,
          0.616383,
          0.016754,
          -4e-06,
          -0.616383,
          -0.787447,
          -0.089777,
          0.0,
          0.0,
          0.0,
          1.0
        ],
        [
          1.0,
          -0.0,
          -0.0,
          -0.125006,
          -0.0,
          -0.988831,
          -0.149041,
          -0.000466,
          -0.0,
          0.149041,
          -0.988831,
          0.070941,
          0.0,
          0.0,
          0.0,
          1.0
        ]
      ]
    },
    {
      "name": "Leg_L",
      "time": [
        0.0,
        0.2,
        0.3167,
        0.35,
        0.4167,
        0.6667
      ],
      "transform": [
        [
          1.0,
          0.0,
          1e-06,
          0.0,
          -0.0,
          0.999999,
          0.001462,
          0.374726,
          -1e-06,
          -0.001462,
          0.999999,
          0.0,
          0.0,
          0.0,
          0.0,
          1.0
        ],
        [
          1.0,
          2e-05,
          2.9e-05,
          -0.0,
          -2e-05,
          -0.363825,
          0.931467,
          0.374726,
          2.9e-05,
          -0.931467,
          -0.363825,
          0.0,
          0.0,
          0.0,
          0.0,
          1.0
        ],
        [
          1.0,
          2.1e-05,
          2.3e-05,
          0.0,
          -2.2e-05,
          -0.081695,
          0.996657,
          0.374726,
          2.3e-05,
          -0.996657,
          -0.081695,
          -0.0,
          0.0,
          0.0,
          0.0,
          1.0
        ],
        [
          1.0,
          2e-05,
          1.6e-05,
          0.0,
          -2.1e-05,
          0.274069,
          0.96171,
          0.374726,
          1.5e-05,
          -0.96171,
          0.274069,
          -0.0,
          0.0,
          0.0,
          0.0,
          1.0
        ],
        [
          1.0,
          1.3e-05,
          5e-06,
          0.0,
          -1.3e-05,
          0.793579,
          0.608467,
          0.374726,
          4e-06,
          -0.608467,
          0.793579,
          -0.0,
          0.0,
          0.0,
          0.0,
          1.0
        ],
        [
          1.0,
          0.0,
          1e-06,
          -0.0,
          -0.0,
          0.999999,
          0.001462,
          0.374726,
          -1e-06,
          -0.001462,
          0.999999,
          0.0,
          0.0,
          0.0,
          0.0,
          1.0
        ]
      ]
    },
    {
      "name": "Knee_L",
      "time": [
        0.0,
        0.6667
      ],
      "transform": [
        [
          1.0,
          0.0,
          -0.0,
          -0.0,
          -0.0,
          0.00567,
          -0.999984,
          0.374726,
          -0.0,
          0.999984,
          0.00567,
          0.0,
          0.0,
          0.0,
          0.0,
          1.0
        ],
        [
          1.0,
          0.0,
          -0.0,
          -0.0,
          -0.0,
          0.00567,
          -0.999984,
          0.374726,
          -0.0,
          0.999984,
          0.00567,
          -0.0,
          0.0,
          0.0,
          0.0,
          1.0
        ]
      ]
    },
    {
      "name": "Torso",
      "time": [
        0.0,
        0.2,
        0.3167,
        0.35,
        0.4167,
        0.6667
      ],
      "transform": [
        [
          0.960802,
          0.0,
          0.277235,
          0.0,
          0.0,
          1.0,
          0.0,
          0.05,
          -0.277235,
          0.0,
          0.960802,
          0.0,
          0.0,
          0.0,
          0.0,
          1.0
        ],
        [
          0.754646,
          0.0,
          0.656133,
          0.0,
          0.0,
          1.0,
          0.0,
          0.05,
          -0.656133,
          0.0,
          0.754646,
          0.0,
          0.0,
          0.0,
          0.0,
          1.0
        ],
        [
          0.99375,
          0.0,
          0.111625,
          0.0,
          0.0,
          1.0,
          0.0,
          0.05,
          -0.111625,
          0.0,
          0.99375,
          0.0,
          0.0,
          0.0,
          0.0,
          1.0
        ],
        [
          0.900144,
          0.0,
          -0.435591,
          0.0,
          0.0,
          1.0,
          0.0,
          0.05,
          0.435591,
          0.0,
          0.900144,
          0.0,
          0.0,
          0.0,
          0.0,
          1.0
        ],
        [
          0.496043,
          0.0,
          -0.868298,
          0.0,
          0.0,
          1.0,
          0.0,
          0.05,
          0.868298,
          0.0,
          0.496043,
          0.0,
          0.0,
          0.0,
          0.0,
          1.0
        ],
        [
          0.960802,
          0.0,
          0.277235,
          0.0,
          0.0,
          1.0,
          0.0,
          0.05,
          -0.277235,
          0.0,
          0.960802,
          0.0,
          0.0,
          0.0,
          0.0,
          1.0
        ]
      ]
    },
    {
      "name": "Chest",
      "time": [
        0.0,
        0.2,
        0.3167,
        0.35,
        0.4167,
        0.6667
      ],
      "transform": [
        [
          0.826624,
          0.0,
          0.562754,
          0.0,
          0.0,
          1.0,
          0.0,
          0.3,
          -0.562754,
          0.0,
          0.826624,
          0.0,
          0.0,
          0.0,
          0.0,
          1.0
        ],
        [
          0.364004,
          0.0,
          0.931397,
          -0.0,
          0.0,
          1.0,
          0.0,
          0.3,
          -0.931397,
          0.0,
          0.364004,
          -0.0,
          0.0,
          0.0,
          0.0,
          1.0
        ],
        [
          0.580405,
          0.0,
          0.814328,
          0.0,
          0.0,
          1.0,
          0.0,
          0.3,
          -0.814328,
          0.0,
          0.580405,
          -0.0,
          0.0,
          0.0,
          0.0,
          1.0
        ],
        [
          0.737566,
          0.0,
          0.675274,
          -0.0,
          0.0,
          1.0,
          0.0,
          0.3,
          -0.675274,
          0.0,
          0.737566,
          0.0,
          0.0,
          0.0,
          0.0,
          1.0
        ],
        [
          0.880123,
          0.0,
          0.474745,
          -0.0,
          0.0,
          1.0,
          0.0,
          0.3,
          -0.474745,
          0.0,
          0.880123,
          0.0,
          0.0,
          0.0,
          0.0,
          1.0
        ],
        [
          0.826624,
          0.0,
          0.562754,
          0.0,
          0.0,
          1.0,
          0.0,
          0.3,
          -0.562754,
          0.0,
          0.826624,
          0.0,
          0.0,
          0.0,
          0.0,
          1.0
        ]
      ]
    },
    {
      "name": "Head",
      "time": [
        0.0,
        0.2,
        0.3167,
        0.35,
        0.4167,
        0.6667
      ],
      "transform": [
        [
          0.6298,
          0.0,
          -0.776758,
          -0.0,
          0.0,
          1.0,
          0.0,
          0.4,
          0.776758,
          0.0,
          0.6298,
          -0.0,
          0.0,
          0.0,
          0.0,
          1.0
        ],
        [
          -0.321456,
          0.0,
          -0.946925,
          -0.0,
          0.0,
          1.0,
          0.0,
          0.4,
          0.946925,
          0.0,
          -0.321456,
          0.0,
          0.0,
          0.0,
          0.0,
          1.0
        ],
        [
          0.493937,
          0.0,
          -0.869498,
          0.0,
          0.0,
          1.0,
          0.0,
          0.4,
          0.869498,
          0.0,
          0.493937,
          -0.0,
          0.0,
          0.0,
          0.0,
          1.0
        ],
        [
          0.96172,
          0.0,
          -0.274036,
          -0.0,
          0.0,
          1.0,
          0.0,
          0.4,
          0.274036,
          0.0,
          0.96172,
          -0.0,
          0.0,
          0.0,
          0.0,
          1.0
        ],
        [
          0.840026,
          0.0,
          0.542546,
          -0.0,
          0.0,
          1.0,
          0.0,
          0.4,
          -0.542546,
          0.0,
          0.840026,
          -0.0,
          0.0,
          0.0,
          0.0,
          1.0
        ],
        [
          0.6298,
          0.0,
          -0.776758,
          -0.0,
          0.0,
          1.0,
          0.0,
          0.4,
          0.776758,
          0.0,
          0.6298,
          0.0,
          0.0,
          0.0,
          0.0,
          1.0
        ]
      ]
    },
    {
      "name": "Shoulder_R",
      "time": [
        0.0,
        0.2,
        0.3167,
        0.35,
        0.4167,
        0.6667
      ],
      "transform": [
        [
          0.0,
          0.952114,
          0.305743,
          -0.0,
          0.0,
          -0.305743,
          0.952114,
          0.4,
          1.0,
          0.0,
          -0.0,
          -0.0,
          0.0,
          0.0,
          0.0,
          1.0
        ],
        [
          0.0,
          0.952114,
          0.305743,
          -0.0,
          0.0,
          -0.305743,
          0.952114,
          0.4,
          1.0,
          0.0,
          -0.0,
          0.0,
          0.0,
          0.0,
          0.0,
          1.0
        ],
        [
          0.0,
          0.952114,
          0.305743,
          0.0,
          0.0,
          -0.305743,
          0.952114,
          0.4,
          1.0,
          0.0,
          -0.0,
          -0.0,
          0.0,
          0.0,
          0.0,
          1.0
        ],
        [
          0.0,
          0.952114,
          0.305743,
          -0.0,
          0.0,
          -0.305743,
          0.952114,
          0.4,
          1.0,
          0.0,
          -0.0,
          -0.0,
          0.0,
          0.0,
          0.0,
          1.0
        ],
        [
          0.0,
          0.952114,
          0.305743,
          -0.0,
          0.0,
          -0.305743,
          0.952114,
          0.4,
          1.0,
          0.0,
          -0.0,
          -0.0,
          0.0,
          0.0,
          0.0,
          1.0
        ],
        [
          0.0,
          0.952114,
          0.305743,
          -0.0,
          0.0,
          -0.305743,
          0.952114,
          0.4,
          1.0,
          0.0,
          -0.0,
          0.0,
          0.0,
          0.0,
          0.0,
          1.0
        ]
      ]
    },
    {
      "name": "Arm_R",
      "time": [
        0.0,
        0.2,
        0.3167,
        0.35,
        0.4167,
        0.6667
      ],
      "transform": [
        [
          0.768679,
          -0.637744,
          -0.049147,
          0.0,
          0.607878,
          0.752266,
          -0.254126,
          0.39386,
          0.199039,
          0.165467,
          0.965922,
          -0.0,
          0.0,
          0.0,
          0.0,
          1.0
        ],
        [
          0.134342,
          0.074411,
          -0.988138,
          -0.0,
          -0.075212,
          0.995066,
          0.064707,
          0.393861,
          0.988076,
          0.065628,
          0.139276,
          0.0,
          0.0,
          0.0,
          0.0,
          1.0
        ],
        [
          0.027522,
          -0.047198,
          -0.998507,
          -0.0,
          -0.25208,
          0.966275,
          -0.052622,
          0.393861,
          0.967315,
          0.253152,
          0.014696,
          -0.0,
          0.0,
          0.0,
          0.0,
          1.0
        ],
        [
          0.00633,
          -0.733661,
          -0.679487,
          0.0,
          -0.268163,
          0.653366,
          -0.707956,
          0.39386,
          0.963353,
          0.186694,
          -0.192605,
          0.0,
          0.0,
          0.0,
          0.0,
          1.0
        ],
        [
          -0.141281,
          -0.05109,
          -0.988651,
          -0.0,
          -0.212815,
          0.976887,
          -0.02007,
          0.39386,
          0.966824,
          0.207565,
          -0.148888,
          -0.0,
          0.0,
          0.0,
          0.0,
          1.0
        ],
        [
          0.768679,
          -0.637744,
          -0.049147,
          -0.0,
          0.607878,
          0.752266,
          -0.254127,
          0.393861,
          0.199039,
          0.165467,
          0.965922,
          0.0,
          0.0,
          0.0,
          0.0,
          1.0
        ]
      ]
    },
    {
      "name": "Hand_R",
      "time": [
        0.0,
        0.2,
        0.3167,
        0.35,
        0.4167,
        0.6667
      ],
      "transform": [
        [
          1.0,
          -0.0,
          0.0,
          -0.0,
          0.0,
          1.0,
          -0.00101,
          0.300003,
          -0.0,
          0.00101,
          1.0,
          -0.0,
          0.0,
          0.0,
          0.0,
          1.0
        ],
        [
          1.0,
          -4e-06,
          4e-06,
          0.0,
          4e-06,
          -0.211467,
          -0.977385,
          0.300002,
          5e-06,
          0.977385,
          -0.211467,
          0.0,
          0.0,
          0.0,
          0.0,
          1.0
        ],
        [
          1.0,
          -4e-06,
          3e-06,
          -0.0,
          4e-06,
          0.063494,
          -0.997983,
          0.300003,
          3e-06,
          0.997981,
          0.063494,
          -0.0,
          0.0,
          0.0,
          0.0,
          1.0
        ],
        [
          1.0,
          -1e-06,
          0.0,
          0.0,
          1e-06,
          0.918095,
          -0.396361,
          0.300003,
          0.0,
          0.396361,
          0.918095,
          0.0,
          0.0,
          0.0,
          0.0,
          1.0
        ],
        [
          1.0,
          0.0,
          0.0,
          0.0,
          -0.0,
          1.0,
          -0.000998,
          0.300003,
          -0.0,
          0.000998,
          1.0,
          -0.0,
          0.0,
          0.0,
          0.0,
          1.0
        ],
        [
          1.0,
          -0.0,
          0.0,
          -0.0,
          0.0,
          1.0,
          -0.00101,
          0.300003,
          -0.0,
          0.00101,
          1.0,
          -0.0,
          0.0,
          0.0,
          0.0,
          1.0
        ]
      ]
    },
    {
      "name": "Tool_R",
      "time": [
        0.0,
        0.2,
        0.3167,
        0.35,
        0.4167,
        0.6667
      ],
      "transform": [
        [
          0.991527,
          0.129237,
          0.013093,
          0.000606,
          0.129564,
          -0.991166,
          -0.028361,
          0.262149,
          0.009312,
          0.029817,
          -0.999512,
          0.132275,
          0.0,
          0.0,
          0.0,
          1.0
        ],
        [
          0.991528,
          0.129237,
          0.013093,
          0.000606,
          0.129564,
          -0.991166,
          -0.028361,
          0.262148,
          0.009312,
          0.029817,
          -0.999513,
          0.132275,
          0.0,
          0.0,
          0.0,
          1.0
        ],
        [
          0.991527,
          0.129237,
          0.013093,
          0.000606,
          0.129564,
          -0.991166,
          -0.028361,
          0.262149,
          0.009312,
          0.029817,
          -0.999513,
          0.132275,
          0.0,
          0.0,
          0.0,
          1.0
        ],
        [
          0.991527,
          0.129237,
          0.013093,
          0.000606,
          0.129564,
          -0.991165,
          -0.028361,
          0.262148,
          0.009312,
          0.029817,
          -0.999513,
          0.132275,
          0.0,
          0.0,
          0.0,
          1.0
        ],
        [
          0.991527,
          0.129237,
          0.013093,
          0.000606,
          0.129564,
          -0.991166,
          -0.028361,
          0.262148,
          0.009312,
          0.029817,
          -0.999512,
          0.132275,
          0.0,
          0.0,
          0.0,
          1.0
        ],
        [
          0.991527,
          0.129237,
          0.013093,
          0.000606,
          0.129564,
          -0.991165,
          -0.028361,
          0.262148,
          0.009312,
          0.029817,
          -0.999512,
          0.132275,
          0.0,
          0.0,
          0.0,
          1.0
        ]
      ]
    },
    {
      "name": "Elbow_R",
      "time": [
        0.0,
        0.6667
      ],
      "transform": [
        [
          -1.0,
          0.0,
          -0.0,
          -0.0,
          0.0,
          0.003946,
          -0.999992,
          0.300007,
          -0.0,
          -0.999992,
          -0.003946,
          -0.001252,
          0.0,
          0.0,
          0.0,
          1.0
        ],
        [
          -1.0,
          0.0,
          -0.0,
          -0.0,
          0.0,
          0.003946,
          -0.999992,
          0.300007,
          -0.0,
          -0.999992,
          -0.003946,
          -0.001253,
          0.0,
          0.0,
          0.0,
          1.0
        ]
      ]
    },
    {
      "name": "Shoulder_L",
      "time": [
        0.0,
        0.2,
        0.3167,
        0.35,
        0.4167,
        0.6667
      ],
      "transform": [
        [
          0.0,
          -0.952114,
          -0.305743,
          -0.0,
          0.0,
          -0.305743,
          0.952114,
          0.4,
          -1.0,
          -0.0,
          0.0,
          -0.0,
          0.0,
          0.0,
          0.0,
          1.0
        ],
        [
          0.0,
          -0.952114,
          -0.305743,
          -0.0,
          0.0,
          -0.305743,
          0.952114,
          0.4,
          -1.0,
          0.0,
          0.0,
          0.0,
          0.0,
          0.0,
          0.0,
          1.0
        ],
        [
          -0.0,
          -0.952114,
          -0.305743,
          0.0,
          0.0,
          -0.305743,
          0.952114,
          0.4,
          -1.0,
          0.0,
          0.0,
          -0.0,
          0.0,
          0.0,
          0.0,
          1.0
        ],
        [
          -0.0,
          -0.952114,
          -0.305743,
          -0.0,
          0.0,
          -0.305743,
          0.952114,
          0.4,
          -1.0,
          0.0,
          0.0,
          -0.0,
          0.0,
          0.0,
          0.0,
          1.0
        ],
        [
          0.0,
          -0.952114,
          -0.305743,
          -0.0,
          0.0,
          -0.305743,
          0.952114,
          0.4,
          -1.0,
          -0.0,
          0.0,
          -0.0,
          0.0,
          0.0,
          0.0,
          1.0
        ],
        [
          0.0,
          -0.952114,
          -0.305743,
          -0.0,
          0.0,
          -0.305743,
          0.952114,
          0.4,
          -1.0,
          -0.0,
          0.0,
          0.0,
          0.0,
          0.0,
          0.0,
          1.0
        ]
      ]
    },
    {
      "name": "Arm_L",
      "time": [
        0.0,
        0.2,
        0.3167,
        0.35,
        0.4167,
        0.6667
      ],
      "transform": [
        [
          -0.991473,
          0.123788,
          0.040709,
          0.0,
          0.067702,
          0.756262,
          -0.650756,
          0.39386,
          -0.111343,
          -0.642451,
          -0.758194,
          0.0,
          0.0,
          0.0,
          0.0,
          1.0
        ],
        [
          -0.65709,
          0.024046,
          0.753428,
          0.0,
          -0.394416,
          0.840791,
          -0.370818,
          0.39386,
          -0.642392,
          -0.540825,
          -0.542991,
          0.0,
          0.0,
          0.0,
          0.0,
          1.0
        ],
        [
          -0.941937,
          0.169918,
          -0.289624,
          0.0,
          0.313082,
          0.756203,
          -0.574575,
          0.39386,
          0.121384,
          -0.631889,
          -0.765494,
          -0.0,
          0.0,
          0.0,
          0.0,
          1.0
        ],
        [
          -0.975396,
          -0.144896,
          0.166154,
          -0.0,
          -0.217658,
          0.513162,
          -0.830235,
          0.39386,
          0.035033,
          -0.845973,
          -0.532074,
          0.0,
          0.0,
          0.0,
          0.0,
          1.0
        ],
        [
          -0.556372,
          -0.478611,
          0.679251,
          -0.0,
          -0.791187,
          0.554935,
          -0.257043,
          0.39386,
          -0.253916,
          -0.680426,
          -0.68742,
          0.0,
          0.0,
          0.0,
          0.0,
          1.0
        ],
        [
          -0.991473,
          0.123788,
          0.040709,
          0.0,
          0.067702,
          0.756262,
          -0.650756,
          0.39386,
          -0.111343,
          -0.642451,
          -0.758194,
          -0.0,
          0.0,
          0.0,
          0.0,
          1.0
        ]
      ]
    },
    {
      "name": "Hand_L",
      "time": [
        0.0,
        0.2,
        0.3167,
        0.35,
        0.4167,
        0.6667
      ],
      "transform": [
        [
          1.0,
          -0.0,
          0.0,
          -0.0,
          0.0,
          0.356026,
          -0.934476,
          0.300003,
          0.0,
          0.934476,
          0.356026,
          0.0,
          0.0,
          0.0,
          0.0,
          1.0
        ],
        [
          1.0,
          -0.0,
          0.0,
          -0.0,
          0.0,
          0.169936,
          -0.985455,
          0.300002,
          0.0,
          0.985455,
          0.169936,
          0.0,
          0.0,
          0.0,
          0.0,
          1.0
        ],
        [
          1.0,
          -0.0,
          0.0,
          -0.0,
          0.0,
          -0.150229,
          -0.988652,
          0.300003,
          0.0,
          0.988652,
          -0.150229,
          0.0,
          0.0,
          0.0,
          0.0,
          1.0
        ],
        [
          1.0,
          -0.0,
          0.0,
          0.0,
          0.0,
          0.019987,
          -0.999801,
          0.300002,
          0.0,
          0.999801,
          0.019987,
          0.0,
          0.0,
          0.0,
          0.0,
          1.0
        ],
        [
          1.0,
          -0.0,
          0.0,
          0.0,
          0.0,
          -0.167941,
          -0.985797,
          0.300003,
          0.0,
          0.985798,
          -0.167941,
          0.0,
          0.0,
          0.0,
          0.0,
          1.0
        ],
        [
          1.0,
          -0.0,
          0.0,
          -0.0,
          0.0,
          0.356026,
          -0.934476,
          0.300003,
          0.0,
          0.934476,
          0.356026,
          -0.0,
          0.0,
          0.0,
          0.0,
          1.0
        ]
      ]
    },
    {
      "name": "Tool_L",
      "time": [
        0.0,
        0.2,
        0.3167,
        0.35,
        0.4167,
        0.6667
      ],
      "transform": [
        [
          1.0,
          0.0,
          0.0,
          0.0,
          -0.0,
          -0.999559,
          -0.029689,
          0.271711,
          0.0,
          0.029689,
          -0.99956,
          -0.028915,
          0.0,
          0.0,
          0.0,
          1.0
        ],
        [
          1.0,
          0.0,
          0.0,
          0.001428,
          0.0,
          -0.999559,
          -0.029689,
          0.27375,
          0.0,
          0.029689,
          -0.999559,
          -0.034825,
          0.0,
          0.0,
          0.0,
          1.0
        ],
        [
          1.0,
          -0.0,
          0.0,
          0.001428,
          -0.0,
          -0.999559,
          -0.029689,
          0.27375,
          0.0,
          0.029689,
          -0.999559,
          -0.034825,
          0.0,
          0.0,
          0.0,
          1.0
        ],
        [
          1.0,
          0.0,
          0.0,
          0.001428,
          0.0,
          -0.999559,
          -0.029689,
          0.27375,
          0.0,
          0.029689,
          -0.999559,
          -0.034825,
          0.0,
          0.0,
          0.0,
          1.0
        ],
        [
          1.0,
          0.0,
          0.0,
          0.001428,
          0.0,
          -0.999559,
          -0.029689,
          0.27375,
          0.0,
          0.029689,
          -0.99956,
          -0.034825,
          0.0,
          0.0,
          0.0,
          1.0
        ],
        [
          1.0,
          0.0,
          0.0,
          0.0,
          -0.0,
          -0.999559,
          -0.029689,
          0.271711,
          0.0,
          0.029689,
          -0.99956,
          -0.028915,
          0.0,
          0.0,
          0.0,
          1.0
        ]
      ]
    },
    {
      "name": "Elbow_L",
      "time": [
        0.0,
        0.6667
      ],
      "transform": [
        [
          -1.0,
          0.0,
          -0.0,
          0.0,
          0.0,
          0.003946,
          -0.999992,
          0.412286,
          -0.0,
          -0.999992,
          -0.003946,
          -0.000809,
          0.0,
          0.0,
          0.0,
          1.0
        ],
        [
          -1.0,
          0.0,
          -0.0,
          0.0,
          0.0,
          0.003946,
          -0.999992,
          0.412286,
          -0.0,
          -0.999992,
          -0.003946,
          -0.000809,
          0.0,
          0.0,
          0.0,
          1.0
        ]
      ]
    },
    {
      "name": "IK-Thigh_R",
      "time": [
        0.0,
        0.2,
        0.3167,
        0.35,
        0.4167,
        0.6667
      ],
      "transform": [
        [
          1.0,
          -3e-06,
          0.0,
          0.124994,
          -3e-06,
          -0.967268,
          0.253759,
          0.013517,
          -1e-06,
          -0.253759,
          -0.967268,
          -0.057228,
          0.0,
          0.0,
          0.0,
          1.0
        ],
        [
          1.0,
          -0.0,
          -0.0,
          0.124994,
          -0.0,
          -0.989748,
          -0.142825,
          -0.00535,
          -0.0,
          0.142825,
          -0.989748,
          -0.023597,
          0.0,
          0.0,
          0.0,
          1.0
        ],
        [
          1.0,
          -0.0,
          -0.0,
          0.124994,
          -0.0,
          -0.936021,
          -0.351944,
          -0.01315,
          -0.0,
          0.351945,
          -0.936021,
          0.034651,
          0.0,
          0.0,
          0.0,
          1.0
        ],
        [
          1.0,
          -7e-06,
          1e-06,
          0.124994,
          -7e-06,
          -0.992993,
          -0.118174,
          -0.014586,
          2e-06,
          0.118174,
          -0.992993,
          0.080806,
          0.0,
          0.0,
          0.0,
          1.0
        ],
        [
          1.0,
          -1e-05,
          2e-06,
          0.124994,
          -1e-05,
          -0.999701,
          -0.024451,
          0.007777,
          3e-06,
          0.024451,
          -0.999701,
          0.16089,
          0.0,
          0.0,
          0.0,
          1.0
        ],
        [
          1.0,
          -3e-06,
          0.0,
          0.124994,
          -3e-06,
          -0.967268,
          0.253759,
          0.013517,
          -1e-06,
          -0.253759,
          -0.967268,
          -0.057228,
          0.0,
          0.0,
          0.0,
          1.0
        ]
      ]
    },
    {
      "name": "IK-Leg_R",
      "time": [
        0.0,
        0.6667
      ],
      "transform": [
        [
          1.0,
          5e-06,
          1e-06,
          -0.0,
          -6e-06,
          0.966525,
          0.256573,
          0.374726,
          -0.0,
          -0.256573,
          0.966525,
          0.0,
          0.0,
          0.0,
          0.0,
          1.0
        ],
        [
          1.0,
          5e-06,
          1e-06,
          -0.0,
          -6e-06,
          0.966525,
          0.256573,
          0.374726,
          -0.0,
          -0.256573,
          0.966525,
          -0.0,
          0.0,
          0.0,
          0.0,
          1.0
        ]
      ]
    },
    {
      "name": "IK-Thigh_L",
      "time": [
        0.0,
        0.2,
        0.3167,
        0.35,
        0.4167,
        0.6667
      ],
      "transform": [
        [
          1.0,
          -0.0,
          -0.0,
          -0.125006,
          -0.0,
          -0.988831,
          -0.14904,
          -0.000466,
          -0.0,
          0.14904,
          -0.988831,
          0.070941,
          0.0,
          0.0,
          0.0,
          1.0
        ],
        [
          1.0,
          -1.7e-05,
          9e-06,
          -0.125006,
          -1.9e-05,
          -0.686723,
          0.726919,
          0.008144,
          -6e-06,
          -0.726919,
          -0.686723,
          -0.009418,
          0.0,
          0.0,
          0.0,
          1.0
        ],
        [
          1.0,
          -1.6e-05,
          7e-06,
          -0.125006,
          -1.4e-05,
          -0.557546,
          0.830147,
          0.013035,
          -9e-06,
          -0.830147,
          -0.557545,
          -0.055062,
          0.0,
          0.0,
          0.0,
          1.0
        ],
        [
          1.0,
          -1.3e-05,
          4e-06,
          -0.125006,
          -1.1e-05,
          -0.616176,
          0.787609,
          0.014963,
          -8e-06,
          -0.787609,
          -0.616176,
          -0.073063,
          0.0,
          0.0,
          0.0,
          1.0
        ],
        [
          1.0,
          -7e-06,
          1e-06,
          -0.125006,
          -6e-06,
          -0.787447,
          0.616383,
          0.016754,
          -4e-06,
          -0.616383,
          -0.787447,
          -0.089777,
          0.0,
          0.0,
          0.0,
          1.0
        ],
        [
          1.0,
          -0.0,
          -0.0,
          -0.125006,
          -0.0,
          -0.988831,
          -0.149041,
          -0.000466,
          -0.0,
          0.149041,
          -0.988831,
          0.070941,
          0.0,
          0.0,
          0.0,
          1.0
        ]
      ]
    }
  ]
}