{
    "animation": [
        {
            "name": "Root",
            "time": [0.0, 0.15, 0.25, 0.3667, 0.4833, 0.6333, 0.8167, 1.0, 1.2167],
            "transform": [
                [1.0, 0.0, 0.0, -5e-06, 0.0, 0.0, -1.0, -0.013766, 0.0, 1.0, 0.0, 0.724737, 0.0, 0.0, 0.0, 1.0],
                [1.0, 0.0, 0.0, -5e-06, 0.0, 0.0, -1.0, 0.131834, 0.0, 1.0, 0.0, 0.709626, 0.0, 0.0, 0.0, 1.0],
                [1.0, 0.0, 0.0, -5e-06, 0.0, 0.0, -1.0, 0.391417, 0.0, 1.0, 0.0, 0.701418, 0.0, 0.0, 0.0, 1.0],
                [1.0, 0.0, 0.0, -5e-06, 0.0, 0.0, -1.0, 0.823082, 0.0, 1.0, 0.0, 0.777892, 0.0, 0.0, 0.0, 1.0],
                [1.0, 0.0, 0.0, -5e-06, 0.0, 0.0, -1.0, 1.114949, 0.0, 1.0, 0.0, 0.693561, 0.0, 0.0, 0.0, 1.0],
                [1.0, 0.0, 0.0, -5e-06, 0.0, 0.0, -1.0, 0.753183, 0.0, 1.0, 0.0, 0.727964, 0.0, 0.0, 0.0, 1.0],
                [1.0, 0.0, 0.0, -5e-06, 0.0, 0.0, -1.0, 0.571159, 0.0, 1.0, 0.0, 0.681447, 0.0, 0.0, 0.0, 1.0],
                [1.0, 0.0, 0.0, -5e-06, 0.0, 0.0, -1.0, 0.285027, 0.0, 1.0, 0.0, 0.706738, 0.0, 0.0, 0.0, 1.0],
                [1.0, 0.0, 0.0, -5e-06, 0.0, 0.0, -1.0, 0.018639, 0.0, 1.0, 0.0, 0.739236, 0.0, 0.0, 0.0, 1.0]
            ]
        },
        {
            "name": "Thigh_R",
            "time": [0.0, 0.15, 0.25, 0.3667, 0.4833, 0.6333, 0.8167, 1.0, 1.2167],
            "transform": [
                [0.975867, -0.038621, -0.214922, 0.10185, -0.001514, -0.985408, 0.170201, -0.002131, -0.218359, -0.165768, -0.961686, -0.102715, 0.0, 0.0, 0.0, 1.0],
                [0.995692, -0.037518, -0.084796, 0.10185, -0.026752, -0.991832, 0.124713, -0.005015, -0.088782, -0.121908, -0.988563, -0.027751, 0.0, 0.0, 0.0, 1.0],
                [0.997531, -0.01387, -0.068846, 0.10185, -0.043959, -0.887831, -0.458065, -0.006581, -0.05477, 0.45996, -0.886249, 0.01297, 0.0, 0.0, 0.0, 1.0],
                [0.99678, -0.068406, -0.041841, 0.10185, -0.030151, -0.803225, 0.594913, -0.004307, -0.074303, -0.591735, -0.802701, -0.053551, 0.0, 0.0, 0.0, 1.0],
                [0.992553, -0.02569, -0.119077, 0.10185, 0.034572, -0.87791, 0.477577, -0.002131, -0.116808, -0.478137, -0.870483, -0.102715, 0.0, 0.0, 0.0, 1.0],
                [0.99678, -0.068406, -0.041841, 0.10185, -0.030151, -0.803225, 0.594913, -0.004307, -0.074303, -0.591735, -0.802701, -0.053551, 0.0, 0.0, 0.0, 1.0],
                [0.997531, -0.01387, -0.068846, 0.10185, -0.043959, -0.887831, -0.458065, -0.006581, -0.05477, 0.45996, -0.886249, 0.01297, 0.0, 0.0, 0.0, 1.0],
                [0.995343, -0.038406, -0.088417, 0.10185, -0.034301, -0.998283, 0.047486, -0.004633, -0.090089, -0.044232, -0.994951, -0.037659, 0.0, 0.0, 0.0, 1.0],
                [0.975867, -0.038621, -0.214922, 0.10185, -0.001514, -0.985408, 0.170202, -0.002131, -0.218359, -0.165769, -0.961686, -0.102715, 0.0, 0.0, 0.0, 1.0]
            ]
        },
        {
            "name": "Leg_R",
            "time": [0.0, 0.15, 0.25, 0.3667, 0.4833, 0.6333, 0.8167, 1.0, 1.2167],
            "transform": [
                [1.0, 5e-06, 1e-06, 0.0, -5e-06, 0.97481, 0.223037, 0.374726, -0.0, -0.223037, 0.97481, -0.0, 0.0, 0.0, 0.0, 1.0],
                [1.0, 1e-05, 3e-06, -0.0, -1.1e-05, 0.869937, 0.493164, 0.374726, 2e-06, -0.493164, 0.869937, -0.0, 0.0, 0.0, 0.0, 1.0],
                [1.0, 0.0, 1e-06, -0.0, -0.0, 0.999999, 0.001461, 0.374726, -1e-06, -0.001461, 0.999999, -0.0, 0.0, 0.0, 0.0, 1.0],
                [1.0, 2.1e-05, 2.1e-05, -0.0, -2.2e-05, 0.026196, 0.999657, 0.374726, 2e-05, -0.999657, 0.026196, -0.0, 0.0, 0.0, 0.0, 1.0],
                [1.0, 4e-06, 1e-06, -0.0, -4e-06, 0.981839, 0.189714, 0.374726, -0.0, -0.189714, 0.981839, 0.0, 0.0, 0.0, 0.0, 1.0],
                [1.0, 2.1e-05, 2.1e-05, -0.0, -2.2e-05, 0.026196, 0.999657, 0.374726, 2e-05, -0.999657, 0.026197, -0.0, 0.0, 0.0, 0.0, 1.0],
                [1.0, 0.0, 1e-06, 0.0, -0.0, 0.999999, 0.001461, 0.374726, -1e-06, -0.001461, 0.999999, -0.0, 0.0, 0.0, 0.0, 1.0],
                [1.0, 1e-05, 3e-06, -0.0, -1.1e-05, 0.870582, 0.492023, 0.374726, 2e-06, -0.492023, 0.870582, 0.0, 0.0, 0.0, 0.0, 1.0],
                [1.0, 5e-06, 1e-06, -0.0, -5e-06, 0.97481, 0.223038, 0.374726, -0.0, -0.223038, 0.974809, -0.0, 0.0, 0.0, 0.0, 1.0]
            ]
        },
        {
            "name": "Knee_R",
            "time": [0.0, 1.2167],
            "transform": [
                [1.0, 0.0, -0.0, 0.0, -0.0, 0.00567, -0.999984, 0.374726, -0.0, 0.999984, 0.00567, -0.0, 0.0, 0.0, 0.0, 1.0],
                [1.0, 0.0, -0.0, -0.0, -0.0, 0.00567, -0.999984, 0.374726, -0.0, 0.999984, 0.00567, 0.0, 0.0, 0.0, 0.0, 1.0]
            ]
        },
        {
            "name": "Thigh_L",
            "time": [0.0, 0.15, 0.25, 0.3667, 0.4833, 0.6333, 0.8167, 1.0, 1.2167],
            "transform": [
                [0.560029, -0.140872, -0.816408, -0.090139, -0.017743, -0.987251, 0.15818, 0.000972, -0.828283, -0.0741, -0.555389, 0.103681, 0.0, 0.0, 0.0, 1.0],
                [0.992746, -0.079652, -0.090066, -0.090139, -0.013296, -0.817217, 0.576177, -0.004794, -0.119497, -0.5708, -0.812348, -0.002999, 0.0, 0.0, 0.0, 1.0],
                [0.996121, -0.070564, -0.052564, -0.090139, -0.014789, -0.723148, 0.690535, -0.007927, -0.086739, -0.687079, -0.721387, -0.060949, 0.0, 0.0, 0.0, 1.0],
                [0.993631, -0.046244, -0.102757, -0.090139, -0.037889, -0.995927, 0.081821, -0.003477, -0.106122, -0.077407, -0.991336, 0.021366, 0.0, 0.0, 0.0, 1.0],
                [0.990243, -0.090765, -0.105736, -0.090139, -0.091897, -0.995751, -0.005876, 0.000972, -0.104754, 0.015536, -0.994377, 0.103681, 0.0, 0.0, 0.0, 1.0],
                [0.993631, -0.046244, -0.102757, -0.090139, -0.037889, -0.995927, 0.081819, -0.003477, -0.106122, -0.077405, -0.991336, 0.021366, 0.0, 0.0, 0.0, 1.0],
                [0.996121, -0.070564, -0.052564, -0.090139, -0.014789, -0.723148, 0.690534, -0.007927, -0.086739, -0.687079, -0.721387, -0.060949, 0.0, 0.0, 0.0, 1.0],
                [0.990265, -0.081979, -0.112491, -0.090139, -0.007333, -0.837765, 0.545982, -0.004032, -0.139, -0.539842, -0.830211, 0.011101, 0.0, 0.0, 0.0, 1.0],
                [0.560029, -0.140873, -0.816408, -0.090139, -0.017743, -0.987251, 0.158181, 0.000972, -0.828283, -0.0741, -0.555388, 0.103681, 0.0, 0.0, 0.0, 1.0]
            ]
        },
        {
            "name": "Leg_L",
            "time": [0.0, 0.15, 0.25, 0.3667, 0.4833, 0.6333, 0.8167, 1.0, 1.2167],
            "transform": [
                [1.0, 5e-06, 1e-06, 0.0, -5e-06, 0.971672, 0.236331, 0.374726, -0.0, -0.236331, 0.971673, -0.0, 0.0, 0.0, 0.0, 1.0],
                [1.0, 1.3e-05, 5e-06, 0.0, -1.4e-05, 0.776637, 0.629948, 0.374726, 4e-06, -0.629949, 0.776637, -0.0, 0.0, 0.0, 0.0, 1.0],
                [1.0, 1.5e-05, 7e-06, 0.0, -1.5e-05, 0.719028, 0.694981, 0.374726, 5e-06, -0.694981, 0.719028, 0.0, 0.0, 0.0, 0.0, 1.0],
                [1.0, 2e-06, 1e-06, -0.0, -2e-06, 0.997246, 0.074171, 0.374726, -1e-06, -0.074171, 0.997245, -0.0, 0.0, 0.0, 0.0, 1.0],
                [1.0, 1.4e-05, 6e-06, -0.0, -1.5e-05, 0.730134, 0.683304, 0.374726, 5e-06, -0.683304, 0.730134, -0.0, 0.0, 0.0, 0.0, 1.0],
                [1.0, 2e-06, 1e-06, 0.0, -2e-06, 0.997246, 0.074167, 0.374726, -1e-06, -0.074167, 0.997246, -0.0, 0.0, 0.0, 0.0, 1.0],
                [1.0, 1.5e-05, 7e-06, 0.0, -1.5e-05, 0.719028, 0.694981, 0.374726, 5e-06, -0.694981, 0.719028, 0.0, 0.0, 0.0, 0.0, 1.0],
                [1.0, 1.2e-05, 5e-06, 0.0, -1.2e-05, 0.81984, 0.572593, 0.374726, 3e-06, -0.572593, 0.81984, 0.0, 0.0, 0.0, 0.0, 1.0],
                [1.0, 5e-06, 1e-06, -0.0, -5e-06, 0.971672, 0.236332, 0.374726, -0.0, -0.236332, 0.971672, -0.0, 0.0, 0.0, 0.0, 1.0]
            ]
        },
        {
            "name": "Knee_L",
            "time": [0.0, 1.2167],
            "transform": [
                [1.0, 0.0, -0.0, 0.0, -0.0, 0.00567, -0.999984, 0.374726, -0.0, 0.999984, 0.00567, -0.0, 0.0, 0.0, 0.0, 1.0],
                [1.0, 0.0, -0.0, 0.0, -0.0, 0.00567, -0.999984, 0.374726, -0.0, 0.999984, 0.00567, -0.0, 0.0, 0.0, 0.0, 1.0]
            ]
        },
        {
            "name": "Torso",
            "time": [0.0, 0.15, 0.25, 0.3667, 0.4833, 0.6333, 0.8167, 1.0, 1.2167],
            "transform": [
                [0.657299, 0.0, 0.75363, 0.0, 0.0, 1.0, 0.0, 0.05, -0.75363, 0.0, 0.657299, 0.0, 0.0, 0.0, 0.0, 1.0],
                [0.995734, 0.0, 0.092266, 0.0, 0.0, 1.0, 0.0, 0.05, -0.092266, 0.0, 0.995734, 0.0, 0.0, 0.0, 0.0, 1.0],
                [0.951119, 0.0, -0.308826, 0.0, 0.0, 1.0, 0.0, 0.05, 0.308826, 0.0, 0.951119, 0.0, 0.0, 0.0, 0.0, 1.0],
                [0.930597, 0.0, 0.366046, 0.0, 0.0, 1.0, 0.0, 0.05, -0.366046, 0.0, 0.930597, 0.0, 0.0, 0.0, 0.0, 1.0],
                [0.487902, 0.0, 0.872899, 0.0, 0.0, 1.0, 0.0, 0.05, -0.872899, 0.0, 0.487902, 0.0, 0.0, 0.0, 0.0, 1.0],
                [0.930597, 0.0, 0.366046, 0.0, 0.0, 1.0, 0.0, 0.05, -0.366046, 0.0, 0.930597, 0.0, 0.0, 0.0, 0.0, 1.0],
                [0.951119, 0.0, -0.308826, 0.0, 0.0, 1.0, 0.0, 0.05, 0.308826, 0.0, 0.951119, 0.0, 0.0, 0.0, 0.0, 1.0],
                [0.981067, 0.0, 0.193666, 0.0, 0.0, 1.0, 0.0, 0.05, -0.193666, 0.0, 0.981067, 0.0, 0.0, 0.0, 0.0, 1.0],
                [0.657299, 0.0, 0.75363, 0.0, 0.0, 1.0, 0.0, 0.05, -0.75363, 0.0, 0.657299, 0.0, 0.0, 0.0, 0.0, 1.0]
            ]
        },
        {
            "name": "Chest",
            "time": [0.0, 0.15, 0.25, 0.3667, 0.4833, 0.6333, 0.8167, 1.0, 1.2167],
            "transform": [
                [0.999341, 0.0, 0.036297, -0.0, 0.0, 1.0, 0.0, 0.3, -0.036297, 0.0, 0.999341, -0.0, 0.0, 0.0, 0.0, 1.0],
                [0.954664, 0.0, -0.297686, 0.0, 0.0, 1.0, 0.0, 0.3, 0.297686, 0.0, 0.954664, 0.0, 0.0, 0.0, 0.0, 1.0],
                [0.884412, 0.0, -0.466707, 0.0, 0.0, 1.0, 0.0, 0.3, 0.466707, 0.0, 0.884412, 0.0, 0.0, 0.0, 0.0, 1.0],
                [0.974877, 0.0, -0.222745, 0.0, 0.0, 1.0, 0.0, 0.3, 0.222745, 0.0, 0.974877, -0.0, 0.0, 0.0, 0.0, 1.0],
                [0.999341, 0.0, 0.036297, 0.0, 0.0, 1.0, 0.0, 0.3, -0.036297, 0.0, 0.999341, -0.0, 0.0, 0.0, 0.0, 1.0],
                [0.974877, 0.0, -0.222745, 0.0, 0.0, 1.0, 0.0, 0.3, 0.222745, 0.0, 0.974877, 0.0, 0.0, 0.0, 0.0, 1.0],
                [0.884412, 0.0, -0.466707, 0.0, 0.0, 1.0, 0.0, 0.3, 0.466707, 0.0, 0.884412, -0.0, 0.0, 0.0, 0.0, 1.0],
                [0.967067, 0.0, -0.254522, 0.0, 0.0, 1.0, 0.0, 0.3, 0.254522, 0.0, 0.967067, 0.0, 0.0, 0.0, 0.0, 1.0],
                [0.999341, 0.0, 0.036297, 0.0, 0.0, 1.0, 0.0, 0.3, -0.036297, 0.0, 0.999341, 0.0, 0.0, 0.0, 0.0, 1.0]
            ]
        },
        {
            "name": "Head",
            "time": [0.0, 0.15, 0.25, 0.3667, 0.4833, 0.6333, 0.8167, 1.0, 1.2167],
            "transform": [
                [0.6298, 0.0, -0.776758, -0.0, 0.0, 1.0, 0.0, 0.4, 0.776758, 0.0, 0.6298, -0.0, 0.0, 0.0, 0.0, 1.0],
                [0.98696, 0.0, 0.160968, 0.0, 0.0, 1.0, 0.0, 0.4, -0.160968, 0.0, 0.98696, 0.0, 0.0, 0.0, 0.0, 1.0],
                [0.755923, 0.0, 0.654661, 0.0, 0.0, 1.0, 0.0, 0.4, -0.654661, 0.0, 0.755923, -0.0, 0.0, 0.0, 0.0, 1.0],
                [0.996072, 0.0, -0.08855, -0.0, 0.0, 1.0, 0.0, 0.4, 0.08855, 0.0, 0.996072, 0.0, 0.0, 0.0, 0.0, 1.0],
                [0.6298, 0.0, -0.776758, -0.0, 0.0, 1.0, 0.0, 0.4, 0.776758, 0.0, 0.6298, 0.0, 0.0, 0.0, 0.0, 1.0],
                [0.996072, 0.0, -0.08855, -0.0, 0.0, 1.0, 0.0, 0.4, 0.08855, 0.0, 0.996072, 0.0, 0.0, 0.0, 0.0, 1.0],
                [0.755923, 0.0, 0.654661, 0.0, 0.0, 1.0, 0.0, 0.4, -0.654661, 0.0, 0.755923, -0.0, 0.0, 0.0, 0.0, 1.0],
                [0.999843, 0.0, 0.017709, 0.0, 0.0, 1.0, 0.0, 0.4, -0.017709, 0.0, 0.999843, -0.0, 0.0, 0.0, 0.0, 1.0],
                [0.6298, 0.0, -0.776758, 0.0, 0.0, 1.0, 0.0, 0.4, 0.776758, 0.0, 0.6298, -0.0, 0.0, 0.0, 0.0, 1.0]
            ]
        },
        {
            "name": "Shoulder_R",
            "time": [0.0, 1.2167],
            "transform": [
                [0.0, 0.952114, 0.305743, -0.0, 0.0, -0.305743, 0.952114, 0.4, 1.0, 0.0, -0.0, -0.0, 0.0, 0.0, 0.0, 1.0],
                [0.0, 0.952114, 0.305743, 0.0, 0.0, -0.305743, 0.952114, 0.4, 1.0, 0.0, -0.0, -0.0, 0.0, 0.0, 0.0, 1.0]
            ]
        },
        {
            "name": "Arm_R",
            "time": [0.0, 0.15, 0.25, 0.3667, 0.4833, 0.6333, 0.8167, 1.0, 1.2167],
            "transform": [
                [0.687093, -0.719317, -0.102405, -0.0, 0.679748, 0.686176, -0.259047, 0.393861, 0.256605, 0.10838, 0.960421, -0.0, 0.0, 0.0, 0.0, 1.0],
                [-0.142831, -0.87328, 0.465813, -0.0, 0.967529, -0.222356, -0.12019, 0.39386, 0.208536, 0.43352, 0.876683, 0.0, 0.0, 0.0, 0.0, 1.0],
                [-0.6854, 0.051143, 0.726369, -0.0, 0.720182, -0.099717, 0.686582, 0.393861, 0.107546, 0.993701, 0.031514, 0.0, 0.0, 0.0, 0.0, 1.0],
                [0.238482, -0.828627, 0.506462, 0.0, 0.96464, 0.141848, -0.222148, 0.393861, 0.112237, 0.541532, 0.833155, 0.0, 0.0, 0.0, 0.0, 1.0],
                [0.839, -0.542545, -0.041523, -0.0, 0.495791, 0.730791, 0.469187, 0.39386, -0.22421, -0.414234, 0.882122, -0.0, 0.0, 0.0, 0.0, 1.0],
                [0.238481, -0.828627, 0.506462, 0.0, 0.964639, 0.141849, -0.222148, 0.393861, 0.112237, 0.541531, 0.833155, 0.0, 0.0, 0.0, 0.0, 1.0],
                [-0.685399, 0.051143, 0.726369, -0.0, 0.720182, -0.099717, 0.686582, 0.393861, 0.107545, 0.993701, 0.031514, 0.0, 0.0, 0.0, 0.0, 1.0],
                [0.01889, -0.855553, 0.517371, 0.0, 0.961034, -0.127196, -0.245427, 0.393861, 0.275783, 0.501847, 0.819813, 0.0, 0.0, 0.0, 0.0, 1.0],
                [0.687093, -0.719316, -0.102406, -0.0, 0.679747, 0.686176, -0.259046, 0.393861, 0.256605, 0.108378, 0.960421, -0.0, 0.0, 0.0, 0.0, 1.0]
            ]
        },
        {
            "name": "Hand_R",
            "time": [0.0, 0.15, 0.25, 0.3667, 0.4833, 0.6333, 0.8167, 1.0, 1.2167],
            "transform": [
                [1.0, -0.0, 0.0, 0.0, 0.0, 0.99414, -0.108102, 0.300002, -0.0, 0.108102, 0.99414, -0.0, 0.0, 0.0, 0.0, 1.0],
                [1.0, 0.0, 0.0, -0.0, 0.0, 1.0, -0.000999, 0.300003, -0.0, 0.000999, 1.0, 0.0, 0.0, 0.0, 0.0, 1.0],
                [1.0, -1e-06, 0.0, -0.0, 1e-06, 0.914526, -0.404528, 0.300003, 0.0, 0.404527, 0.914526, -0.0, 0.0, 0.0, 0.0, 1.0],
                [1.0, -4e-06, 4e-06, 0.0, 4e-06, -0.116408, -0.993202, 0.300003, 4e-06, 0.993201, -0.116408, 0.0, 0.0, 0.0, 0.0, 1.0],
                [1.0, -3e-06, 3e-06, 0.0, 4e-06, 0.279946, -0.960016, 0.300003, 3e-06, 0.960016, 0.279946, -0.0, 0.0, 0.0, 0.0, 1.0],
                [1.0, -4e-06, 4e-06, -0.0, 4e-06, -0.11641, -0.993202, 0.300003, 4e-06, 0.993201, -0.11641, 0.0, 0.0, 0.0, 0.0, 1.0],
                [1.0, -1e-06, 0.0, 0.0, 1e-06, 0.914527, -0.404526, 0.300002, 0.0, 0.404526, 0.914527, -0.0, 0.0, 0.0, 0.0, 1.0],
                [1.0, -3e-06, 2e-06, 0.0, 3e-06, 0.480036, -0.877249, 0.300003, 2e-06, 0.877248, 0.480036, -0.0, 0.0, 0.0, 0.0, 1.0],
                [1.0, -0.0, 0.0, -0.0, 0.0, 0.99414, -0.108105, 0.300003, -0.0, 0.108105, 0.99414, 0.0, 0.0, 0.0, 0.0, 1.0]
            ]
        },
        {
            "name": "Tool_R",
            "time": [0.0, 0.15, 0.25, 0.3667, 0.4833, 0.6333, 0.8167, 1.0, 1.2167],
            "transform": [
                [0.97546, 0.21943, 0.018142, 0.000757, 0.220177, -0.971869, -0.083617, 0.266559, -0.000716, 0.08556, -0.996333, 0.042797, 0.0, 0.0, 0.0, 1.0],
                [0.97546, 0.21943, 0.018142, 0.000757, 0.220177, -0.97187, -0.083617, 0.266559, -0.000716, 0.08556, -0.996333, 0.042797, 0.0, 0.0, 0.0, 1.0],
                [0.97546, 0.21943, 0.018142, 0.000757, 0.220177, -0.97187, -0.083617, 0.266559, -0.000716, 0.08556, -0.996333, 0.042797, 0.0, 0.0, 0.0, 1.0],
                [0.97546, 0.21943, 0.018142, 0.000757, 0.220177, -0.97187, -0.083617, 0.266559, -0.000716, 0.08556, -0.996333, 0.042797, 0.0, 0.0, 0.0, 1.0],
                [0.97546, 0.21943, 0.018142, 0.000757, 0.220177, -0.971869, -0.083617, 0.266558, -0.000716, 0.08556, -0.996333, 0.042797, 0.0, 0.0, 0.0, 1.0],
                [0.97546, 0.21943, 0.018142, 0.000757, 0.220177, -0.97187, -0.083617, 0.266559, -0.000716, 0.08556, -0.996333, 0.042797, 0.0, 0.0, 0.0, 1.0],
                [0.97546, 0.21943, 0.018142, 0.000757, 0.220177, -0.971869, -0.083617, 0.266559, -0.000716, 0.08556, -0.996333, 0.042797, 0.0, 0.0, 0.0, 1.0],
                [0.97546, 0.21943, 0.018142, 0.000757, 0.220177, -0.97187, -0.083617, 0.266558, -0.000716, 0.08556, -0.996333, 0.042797, 0.0, 0.0, 0.0, 1.0],
                [0.97546, 0.21943, 0.018142, 0.000757, 0.220177, -0.97187, -0.083617, 0.266559, -0.000716, 0.08556, -0.996333, 0.042797, 0.0, 0.0, 0.0, 1.0]
            ]
        },
        {
            "name": "Elbow_R",
            "time": [0.0, 1.2167],
            "transform": [
                [-1.0, 0.0, 0.0, 0.0, 0.0, 0.003946, -0.999992, 0.309349, -0.0, -0.999992, -0.003946, -0.001215, 0.0, 0.0, 0.0, 1.0],
                [-1.0, 0.0, -0.0, -0.0, 0.0, 0.003946, -0.999992, 0.309349, -0.0, -0.999992, -0.003946, -0.001215, 0.0, 0.0, 0.0, 1.0]
            ]
        },
        {
            "name": "Shoulder_L",
            "time": [0.0, 1.2167],
            "transform": [
                [0.0, -0.952114, -0.305743, -0.0, 0.0, -0.305743, 0.952114, 0.4, -1.0, -0.0, 0.0, -0.0, 0.0, 0.0, 0.0, 1.0],
                [0.0, -0.952114, -0.305743, 0.0, 0.0, -0.305743, 0.952114, 0.4, -1.0, -0.0, 0.0, -0.0, 0.0, 0.0, 0.0, 1.0]
            ]
        },
        {
            "name": "Arm_L",
            "time": [0.0, 0.15, 0.25, 0.3667, 0.4833, 0.6333, 0.8167, 1.0, 1.2167],
            "transform": [
                [-0.755646, 0.075811, 0.650578, -0.0, -0.590035, 0.352432, -0.726395, 0.39386, -0.284353, -0.932761, -0.221582, 0.0, 0.0, 0.0, 0.0, 1.0],
                [0.207991, 0.40492, 0.890381, 0.0, -0.972467, 0.183418, 0.143753, 0.39386, -0.105104, -0.895765, 0.431922, -0.0, 0.0, 0.0, 0.0, 1.0],
                [0.723498, -0.054616, 0.688163, -0.0, -0.645422, 0.300147, 0.702383, 0.39386, -0.244911, -0.952328, 0.181906, 0.0, 0.0, 0.0, 0.0, 1.0],
                [-0.112195, -0.35612, 0.92768, -0.0, -0.983236, 0.174823, -0.051802, 0.39386, -0.143732, -0.91794, -0.369763, -0.0, 0.0, 0.0, 0.0, 1.0],
                [-0.763843, -0.082742, 0.640077, 0.0, -0.446752, 0.783529, -0.431852, 0.393861, -0.465786, -0.615821, -0.635457, -0.0, 0.0, 0.0, 0.0, 1.0],
                [-0.112195, -0.35612, 0.92768, -0.0, -0.983236, 0.174823, -0.051802, 0.39386, -0.143732, -0.917941, -0.369763, -0.0, 0.0, 0.0, 0.0, 1.0],
                [0.723498, -0.054616, 0.688163, -0.0, -0.645422, 0.300147, 0.702383, 0.39386, -0.244911, -0.952328, 0.181906, 0.0, 0.0, 0.0, 0.0, 1.0],
                [0.063283, 0.159864, 0.985108, 0.0, -0.993538, 0.103278, 0.047064, 0.39386, -0.094216, -0.981721, 0.165368, -0.0, 0.0, 0.0, 0.0, 1.0],
                [-0.755646, 0.075811, 0.650578, -0.0, -0.590035, 0.352433, -0.726395, 0.39386, -0.284353, -0.932761, -0.221583, -0.0, 0.0, 0.0, 0.0, 1.0]
            ]
        },
        {
            "name": "Hand_L",
            "time": [0.0, 0.15, 0.25, 0.3667, 0.4833, 0.6333, 0.8167, 1.0, 1.2167],
            "transform": [
                [1.0, -0.0, 0.0, -0.0, 0.0, 0.398492, -0.917172, 0.300003, 0.0, 0.917172, 0.398492, -0.0, 0.0, 0.0, 0.0, 1.0],
                [1.0, -0.0, 0.0, 0.0, 0.0, 0.870376, -0.492389, 0.300003, -0.0, 0.492388, 0.870375, -0.0, 0.0, 0.0, 0.0, 1.0],
                [1.0, -0.0, 0.0, -0.0, 0.0, 0.547049, -0.837101, 0.300003, 0.0, 0.837101, 0.547049, -0.0, 0.0, 0.0, 0.0, 1.0],
                [1.0, -0.0, 0.0, -0.0, 0.0, 0.322877, -0.946441, 0.300003, 0.0, 0.946441, 0.322877, -0.0, 0.0, 0.0, 0.0, 1.0],
                [1.0, -0.0, 0.0, -0.0, 0.0, 0.286062, -0.958211, 0.300002, 0.0, 0.958211, 0.286062, -0.0, 0.0, 0.0, 0.0, 1.0],
                [1.0, -0.0, 0.0, -0.0, 0.0, 0.322878, -0.946441, 0.300003, 0.0, 0.946441, 0.322878, -0.0, 0.0, 0.0, 0.0, 1.0],
                [1.0, -0.0, 0.0, 0.0, 0.0, 0.547049, -0.837101, 0.300003, 0.0, 0.837101, 0.547048, -0.0, 0.0, 0.0, 0.0, 1.0],
                [1.0, -0.0, 0.0, -0.0, 0.0, 0.659991, -0.751274, 0.300003, 0.0, 0.751273, 0.659991, -0.0, 0.0, 0.0, 0.0, 1.0],
                [1.0, -0.0, 0.0, 0.0, 0.0, 0.398491, -0.917172, 0.300003, 0.0, 0.917172, 0.398491, -0.0, 0.0, 0.0, 0.0, 1.0]
            ]
        },
        {
            "name": "Tool_L",
            "time": [0.0, 0.15, 0.25, 0.3667, 0.4833, 0.6333, 0.8167, 1.0, 1.2167],
            "transform": [
                [1.0, -0.0, 0.0, 0.0, 0.0, -0.999559, -0.029689, 0.271711, 0.0, 0.029689, -0.99956, -0.028915, 0.0, 0.0, 0.0, 1.0],
                [1.0, -0.0, 0.0, 0.0, -0.0, -0.999559, -0.029689, 0.271711, 0.0, 0.029689, -0.99956, -0.028915, 0.0, 0.0, 0.0, 1.0],
                [1.0, -0.0, 0.0, 0.0, 0.0, -0.999559, -0.029689, 0.271711, 0.0, 0.029689, -0.99956, -0.028915, 0.0, 0.0, 0.0, 1.0],
                [1.0, -0.0, 0.0, -0.0, 0.0, -0.999559, -0.029689, 0.271711, 0.0, 0.029689, -0.99956, -0.028915, 0.0, 0.0, 0.0, 1.0],
                [1.0, -0.0, 0.0, 0.0, -0.0, -0.999559, -0.029689, 0.271711, 0.0, 0.029689, -0.999559, -0.028915, 0.0, 0.0, 0.0, 1.0],
                [1.0, -0.0, 0.0, -0.0, 0.0, -0.999559, -0.029689, 0.271711, 0.0, 0.029689, -0.99956, -0.028915, 0.0, 0.0, 0.0, 1.0],
                [1.0, -0.0, 0.0, 0.0, -0.0, -0.999559, -0.029689, 0.271711, 0.0, 0.029689, -0.99956, -0.028915, 0.0, 0.0, 0.0, 1.0],
                [1.0, 0.0, 0.0, -0.0, -0.0, -0.999559, -0.029689, 0.271711, 0.0, 0.029689, -0.99956, -0.028915, 0.0, 0.0, 0.0, 1.0],
                [1.0, -0.0, 0.0, 0.0, 0.0, -0.999559, -0.029689, 0.271711, 0.0, 0.029689, -0.99956, -0.028915, 0.0, 0.0, 0.0, 1.0]
            ]
        },
        {
            "name": "Elbow_L",
            "time": [0.0, 1.2167],
            "transform": [
                [-1.0, 0.0, -0.0, -0.0, 0.0, 0.003946, -0.999992, 0.407988, -0.0, -0.999993, -0.003946, -0.000826, 0.0, 0.0, 0.0, 1.0],
                [-1.0, 0.0, -0.0, -0.0, 0.0, 0.003946, -0.999992, 0.407988, -0.0, -0.999992, -0.003946, -0.000826, 0.0, 0.0, 0.0, 1.0]
            ]
        },
        {
            "name": "IK-Thigh_R",
            "time": [0.0, 0.15, 0.25, 0.3667, 0.4833, 0.6333, 0.8167, 1.0, 1.2167],
            "transform": [
                [0.975867, -0.038621, -0.214922, 0.10185, -0.001514, -0.985408, 0.170201, -0.002131, -0.218359, -0.165768, -0.961686, -0.102715, 0.0, 0.0, 0.0, 1.0],
                [0.995692, -0.037518, -0.084796, 0.10185, -0.026752, -0.991832, 0.124713, -0.005015, -0.088782, -0.121908, -0.988563, -0.027751, 0.0, 0.0, 0.0, 1.0],
                [0.997531, -0.01387, -0.068846, 0.10185, -0.043959, -0.887831, -0.458065, -0.006581, -0.05477, 0.45996, -0.886249, 0.01297, 0.0, 0.0, 0.0, 1.0],
                [0.99678, -0.068406, -0.041841, 0.10185, -0.030151, -0.803225, 0.594913, -0.004307, -0.074303, -0.591735, -0.802701, -0.053551, 0.0, 0.0, 0.0, 1.0],
                [0.992553, -0.02569, -0.119077, 0.10185, 0.034572, -0.87791, 0.477577, -0.002131, -0.116808, -0.478137, -0.870483, -0.102715, 0.0, 0.0, 0.0, 1.0],
                [0.99678, -0.068406, -0.041841, 0.10185, -0.030151, -0.803225, 0.594913, -0.004307, -0.074303, -0.591735, -0.802701, -0.053551, 0.0, 0.0, 0.0, 1.0],
                [0.997531, -0.01387, -0.068846, 0.10185, -0.043959, -0.887831, -0.458065, -0.006581, -0.05477, 0.45996, -0.886249, 0.01297, 0.0, 0.0, 0.0, 1.0],
                [0.995343, -0.038406, -0.088417, 0.10185, -0.034301, -0.998283, 0.047486, -0.004633, -0.090089, -0.044232, -0.994951, -0.037659, 0.0, 0.0, 0.0, 1.0],
                [0.975867, -0.038621, -0.214922, 0.10185, -0.001514, -0.985408, 0.170202, -0.002131, -0.218359, -0.165769, -0.961686, -0.102715, 0.0, 0.0, 0.0, 1.0]
            ]
        },
        {
            "name": "IK-Leg_R",
            "time": [0.0, 1.2167],
            "transform": [
                [1.0, 5e-06, 1e-06, 0.0, -5e-06, 0.97481, 0.223037, 0.374726, -0.0, -0.223037, 0.97481, -0.0, 0.0, 0.0, 0.0, 1.0],
                [1.0, 5e-06, 1e-06, -0.0, -5e-06, 0.97481, 0.223038, 0.374726, -0.0, -0.223038, 0.974809, -0.0, 0.0, 0.0, 0.0, 1.0]
            ]
        },
        {
            "name": "IK-Thigh_L",
            "time": [0.0, 0.15, 0.25, 0.3667, 0.4833, 0.6333, 0.8167, 1.0, 1.2167],
            "transform": [
                [0.560029, -0.140872, -0.816408, -0.090139, -0.017743, -0.987251, 0.15818, 0.000972, -0.828283, -0.0741, -0.555389, 0.103681, 0.0, 0.0, 0.0, 1.0],
                [0.992746, -0.079652, -0.090066, -0.090139, -0.013296, -0.817217, 0.576177, -0.004794, -0.119497, -0.5708, -0.812348, -0.002999, 0.0, 0.0, 0.0, 1.0],
                [0.996121, -0.070564, -0.052564, -0.090139, -0.014789, -0.723148, 0.690535, -0.007927, -0.086739, -0.687079, -0.721387, -0.060949, 0.0, 0.0, 0.0, 1.0],
                [0.993631, -0.046244, -0.102757, -0.090139, -0.037889, -0.995927, 0.081821, -0.003477, -0.106122, -0.077407, -0.991336, 0.021366, 0.0, 0.0, 0.0, 1.0],
                [0.990243, -0.090765, -0.105736, -0.090139, -0.091897, -0.995751, -0.005876, 0.000972, -0.104754, 0.015536, -0.994377, 0.103681, 0.0, 0.0, 0.0, 1.0],
                [0.993631, -0.046244, -0.102757, -0.090139, -0.037889, -0.995927, 0.081819, -0.003477, -0.106122, -0.077405, -0.991336, 0.021366, 0.0, 0.0, 0.0, 1.0],
                [0.996121, -0.070564, -0.052564, -0.090139, -0.014789, -0.723148, 0.690534, -0.007927, -0.086739, -0.687079, -0.721387, -0.060949, 0.0, 0.0, 0.0, 1.0],
                [0.990265, -0.081979, -0.112491, -0.090139, -0.007333, -0.837765, 0.545982, -0.004032, -0.139, -0.539842, -0.830211, 0.011101, 0.0, 0.0, 0.0, 1.0],
                [0.560029, -0.140873, -0.816408, -0.090139, -0.017743, -0.987251, 0.158181, 0.000972, -0.828283, -0.0741, -0.555388, 0.103681, 0.0, 0.0, 0.0, 1.0]
            ]
        }
    ]
}