{
    "animation": [
        {
            "name": "Root",
            "time": [0.0, 0.1833, 0.3, 0.3667, 0.4667, 0.8333],
            "transform": [
                [1.0, 0.0, 0.0, -5e-06, 0.0, 0.0, -1.0, -0.013766, 0.0, 1.0, 0.0, 0.724737, 0.0, 0.0, 0.0, 1.0],
                [1.0, 0.0, 0.0, -5e-06, 0.0, 0.0, -1.0, 0.465182, 0.0, 1.0, 0.0, 0.672444, 0.0, 0.0, 0.0, 1.0],
                [1.0, 0.0, 0.0, -5e-06, 0.0, 0.0, -1.0, 0.597257, 0.0, 1.0, 0.0, 0.732457, 0.0, 0.0, 0.0, 1.0],
                [1.0, 0.0, 0.0, -5e-06, 0.0, 0.0, -1.0, 0.760281, 0.0, 1.0, 0.0, 0.734046, 0.0, 0.0, 0.0, 1.0],
                [1.0, 0.0, 0.0, -5e-06, 0.0, 0.0, -1.0, 1.043037, 0.0, 1.0, 0.0, 0.657815, 0.0, 0.0, 0.0, 1.0],
                [1.0, 0.0, 0.0, -5e-06, 0.0, 0.0, -1.0, 0.47553, 0.0, 1.0, 0.0, 0.754694, 0.0, 0.0, 0.0, 1.0]
            ]
        },
        {
            "name": "Thigh_R",
            "time": [0.0, 0.1833, 0.3, 0.3667, 0.4667, 0.8333],
            "transform": [
                [0.975867, -0.038621, -0.214922, 0.10185, -0.001514, -0.985408, 0.170201, -0.002131, -0.218359, -0.165768, -0.961686, -0.102715, 0.0, 0.0, 0.0, 1.0],
                [0.992268, -0.046784, -0.114956, 0.10185, 0.024948, -0.832143, 0.554001, -0.002131, -0.121578, -0.552585, -0.824541, -0.102715, 0.0, 0.0, 0.0, 1.0],
                [0.993901, -0.013835, -0.109407, 0.10185, -0.000576, -0.992737, 0.120303, 0.002609, -0.110277, -0.119506, -0.98669, -0.072696, 0.0, 0.0, 0.0, 1.0],
                [0.99484, -0.01364, -0.100531, 0.10185, -0.019818, -0.997959, -0.060715, 0.008841, -0.099498, 0.062394, -0.99308, -0.033226, 0.0, 0.0, 0.0, 1.0],
                [0.994918, -0.013923, -0.099721, 0.10185, -0.063144, -0.857713, -0.510236, 0.019813, -0.078428, 0.51394, -0.854234, 0.036263, 0.0, 0.0, 0.0, 1.0],
                [0.975867, -0.038621, -0.214922, 0.10185, -0.001514, -0.985408, 0.170202, -0.002131, -0.218359, -0.165769, -0.961686, -0.102715, 0.0, 0.0, 0.0, 1.0]
            ]
        },
        {
            "name": "Leg_R",
            "time": [0.0, 0.1833, 0.3, 0.3667, 0.4667, 0.8333],
            "transform": [
                [1.0, 5e-06, 1e-06, 0.0, -5e-06, 0.97481, 0.223037, 0.374726, -0.0, -0.223037, 0.97481, -0.0, 0.0, 0.0, 0.0, 1.0],
                [1.0, 1.1e-05, 4e-06, -0.0, -1.1e-05, 0.859957, 0.510366, 0.374726, 2e-06, -0.510366, 0.859957, 0.0, 0.0, 0.0, 0.0, 1.0],
                [1.0, 0.0, 1e-06, -0.0, -0.0, 0.999999, 0.001462, 0.374726, -1e-06, -0.001462, 0.999999, 0.0, 0.0, 0.0, 0.0, 1.0],
                [1.0, 0.0, 1e-06, 0.0, -0.0, 0.999999, 0.001463, 0.374726, -1e-06, -0.001463, 0.999999, -0.0, 0.0, 0.0, 0.0, 1.0],
                [1.0, 0.0, 1e-06, -0.0, -0.0, 0.999999, 0.001461, 0.374726, -1e-06, -0.001461, 0.999999, 0.0, 0.0, 0.0, 0.0, 1.0],
                [1.0, 5e-06, 1e-06, -0.0, -5e-06, 0.97481, 0.223038, 0.374726, -0.0, -0.223038, 0.97481, -0.0, 0.0, 0.0, 0.0, 1.0]
            ]
        },
        {
            "name": "Knee_R",
            "time": [0.0, 0.8333],
            "transform": [
                [1.0, 0.0, -0.0, 0.0, -0.0, 0.00567, -0.999984, 0.374726, -0.0, 0.999984, 0.00567, -0.0, 0.0, 0.0, 0.0, 1.0],
                [1.0, 0.0, -0.0, -0.0, -0.0, 0.00567, -0.999984, 0.374726, -0.0, 0.999984, 0.00567, -0.0, 0.0, 0.0, 0.0, 1.0]
            ]
        },
        {
            "name": "Thigh_L",
            "time": [0.0, 0.1833, 0.3, 0.3667, 0.4667, 0.8333],
            "transform": [
                [0.560029, -0.140872, -0.816408, -0.090139, -0.017743, -0.987251, 0.15818, 0.000972, -0.828283, -0.0741, -0.555389, 0.103681, 0.0, 0.0, 0.0, 1.0],
                [0.989246, -0.078013, -0.123721, -0.090139, -0.102392, -0.973411, -0.204909, 0.000972, -0.104446, 0.215373, -0.97093, 0.103681, 0.0, 0.0, 0.0, 1.0],
                [0.988757, -0.142224, -0.046174, -0.090139, -0.107267, -0.889764, 0.443637, 0.007292, -0.10418, -0.433696, -0.895016, 0.075242, 0.0, 0.0, 0.0, 1.0],
                [0.98919, -0.144752, -0.023445, -0.090139, -0.084568, -0.693757, 0.715227, 0.015601, -0.119796, -0.705513, -0.698499, 0.03785, 0.0, 0.0, 0.0, 1.0],
                [0.982709, -0.101073, -0.155136, -0.090139, 0.013391, -0.796875, 0.603997, 0.030231, -0.184672, -0.595631, -0.781742, -0.027982, 0.0, 0.0, 0.0, 1.0],
                [0.560029, -0.140873, -0.816408, -0.090139, -0.017743, -0.987251, 0.158181, 0.000972, -0.828283, -0.0741, -0.555389, 0.103681, 0.0, 0.0, 0.0, 1.0]
            ]
        },
        {
            "name": "Leg_L",
            "time": [0.0, 0.1833, 0.3, 0.3667, 0.4667, 0.8333],
            "transform": [
                [1.0, 5e-06, 1e-06, 0.0, -5e-06, 0.971672, 0.236331, 0.374726, -0.0, -0.236331, 0.971673, -0.0, 0.0, 0.0, 0.0, 1.0],
                [1.0, 1e-05, 3e-06, -0.0, -1.1e-05, 0.869621, 0.493719, 0.374726, 2e-06, -0.493719, 0.869621, -0.0, 0.0, 0.0, 0.0, 1.0],
                [1.0, 2.1e-05, 2.3e-05, -0.0, -2.2e-05, -0.079908, 0.996802, 0.374726, 2.3e-05, -0.996802, -0.079908, -0.0, 0.0, 0.0, 0.0, 1.0],
                [1.0, 2e-05, 2.7e-05, -0.0, -2.1e-05, -0.257438, 0.966295, 0.374726, 2.7e-05, -0.966295, -0.257438, -0.0, 0.0, 0.0, 0.0, 1.0],
                [1.0, 1.3e-05, 5e-06, 0.0, -1.3e-05, 0.786621, 0.617436, 0.374726, 4e-06, -0.617436, 0.786621, 0.0, 0.0, 0.0, 0.0, 1.0],
                [1.0, 5e-06, 1e-06, -0.0, -5e-06, 0.971672, 0.236332, 0.374726, -0.0, -0.236332, 0.971672, 0.0, 0.0, 0.0, 0.0, 1.0]
            ]
        },
        {
            "name": "Knee_L",
            "time": [0.0, 0.8333],
            "transform": [
                [1.0, 0.0, -0.0, 0.0, -0.0, 0.00567, -0.999984, 0.374726, -0.0, 0.999984, 0.00567, -0.0, 0.0, 0.0, 0.0, 1.0],
                [1.0, 0.0, -0.0, -0.0, -0.0, 0.00567, -0.999984, 0.374726, 0.0, 0.999984, 0.00567, 0.0, 0.0, 0.0, 0.0, 1.0]
            ]
        },
        {
            "name": "Torso",
            "time": [0.0, 0.1833, 0.3, 0.3667, 0.4667, 0.8333],
            "transform": [
                [0.657299, 0.0, 0.75363, 0.0, 0.0, 1.0, 0.0, 0.05, -0.75363, 0.0, 0.657299, 0.0, 0.0, 0.0, 0.0, 1.0],
                [0.433296, 0.0, 0.901252, 0.0, 0.0, 1.0, 0.0, 0.05, -0.901252, 0.0, 0.433296, 0.0, 0.0, 0.0, 0.0, 1.0],
                [0.660688, 0.0, 0.750661, 0.0, 0.0, 1.0, 0.0, 0.05, -0.750661, 0.0, 0.660688, 0.0, 0.0, 0.0, 0.0, 1.0],
                [0.892444, 0.0, 0.451157, 0.0, 0.0, 1.0, 0.0, 0.05, -0.451157, 0.0, 0.892444, 0.0, 0.0, 0.0, 0.0, 1.0],
                [0.982654, 0.0, -0.185447, 0.0, 0.0, 1.0, 0.0, 0.05, 0.185447, 0.0, 0.982654, 0.0, 0.0, 0.0, 0.0, 1.0],
                [0.657299, 0.0, 0.75363, 0.0, 0.0, 1.0, 0.0, 0.05, -0.75363, 0.0, 0.657299, 0.0, 0.0, 0.0, 0.0, 1.0]
            ]
        },
        {
            "name": "Chest",
            "time": [0.0, 0.1833, 0.3, 0.3667, 0.4667, 0.8333],
            "transform": [
                [0.999341, 0.0, 0.036297, -0.0, 0.0, 1.0, 0.0, 0.3, -0.036297, 0.0, 0.999341, -0.0, 0.0, 0.0, 0.0, 1.0],
                [0.976172, 0.0, 0.216998, 0.0, 0.0, 1.0, 0.0, 0.3, -0.216998, 0.0, 0.976172, -0.0, 0.0, 0.0, 0.0, 1.0],
                [0.994177, 0.0, 0.107754, 0.0, 0.0, 1.0, 0.0, 0.3, -0.107754, 0.0, 0.994177, 0.0, 0.0, 0.0, 0.0, 1.0],
                [0.999231, 0.0, -0.039199, 0.0, 0.0, 1.0, 0.0, 0.3, 0.039199, 0.0, 0.999231, 0.0, 0.0, 0.0, 0.0, 1.0],
                [0.95619, 0.0, -0.292745, 0.0, 0.0, 1.0, 0.0, 0.3, 0.292745, 0.0, 0.95619, 0.0, 0.0, 0.0, 0.0, 1.0],
                [0.999341, 0.0, 0.036297, 0.0, 0.0, 1.0, 0.0, 0.3, -0.036297, 0.0, 0.999341, 0.0, 0.0, 0.0, 0.0, 1.0]
            ]
        },
        {
            "name": "Head",
            "time": [0.0, 0.1833, 0.3, 0.3667, 0.4667, 0.8333],
            "transform": [
                [0.6298, 0.0, -0.776758, -0.0, 0.0, 1.0, 0.0, 0.4, 0.776758, 0.0, 0.6298, -0.0, 0.0, 0.0, 0.0, 1.0],
                [0.564143, 0.0, -0.825677, -0.0, 0.0, 1.0, 0.0, 0.4, 0.825677, 0.0, 0.564143, 0.0, 0.0, 0.0, 0.0, 1.0],
                [0.760285, 0.0, -0.64959, 0.0, 0.0, 1.0, 0.0, 0.4, 0.64959, 0.0, 0.760285, -0.0, 0.0, 0.0, 0.0, 1.0],
                [0.94261, 0.0, -0.333895, 0.0, 0.0, 1.0, 0.0, 0.4, 0.333895, 0.0, 0.94261, 0.0, 0.0, 0.0, 0.0, 1.0],
                [0.958091, 0.0, 0.286466, 0.0, 0.0, 1.0, 0.0, 0.4, -0.286466, 0.0, 0.95809, -0.0, 0.0, 0.0, 0.0, 1.0],
                [0.6298, 0.0, -0.776758, 0.0, 0.0, 1.0, 0.0, 0.4, 0.776758, 0.0, 0.6298, 0.0, 0.0, 0.0, 0.0, 1.0]
            ]
        },
        {
            "name": "Shoulder_R",
            "time": [0.0, 0.8333],
            "transform": [
                [0.0, 0.952114, 0.305743, -0.0, 0.0, -0.305743, 0.952114, 0.4, 1.0, 0.0, -0.0, -0.0, 0.0, 0.0, 0.0, 1.0],
                [0.0, 0.952114, 0.305743, 0.0, 0.0, -0.305743, 0.952114, 0.4, 1.0, 0.0, -0.0, 0.0, 0.0, 0.0, 0.0, 1.0]
            ]
        },
        {
            "name": "Arm_R",
            "time": [0.0, 0.1833, 0.3, 0.3667, 0.4667, 0.8333],
            "transform": [
                [0.687093, -0.719317, -0.102405, -0.0, 0.679748, 0.686176, -0.259047, 0.393861, 0.256605, 0.10838, 0.960421, -0.0, 0.0, 0.0, 0.0, 1.0],
                [-0.168506, -0.968669, -0.182448, 0.0, -0.274412, 0.223878, -0.935188, 0.393861, 0.946733, -0.107519, -0.303539, 0.0, 0.0, 0.0, 0.0, 1.0],
                [-0.060793, -0.2874, -0.95588, -0.0, -0.133843, 0.95135, -0.277525, 0.393861, 0.989136, 0.111066, -0.096302, 0.0, 0.0, 0.0, 0.0, 1.0],
                [0.153903, 0.077004, -0.985081, 0.0, -0.004226, 0.997001, 0.077276, 0.393861, 0.988077, -0.00773, 0.153767, 0.0, 0.0, 0.0, 0.0, 1.0],
                [0.016447, 0.345682, -0.938208, 0.0, -0.118492, 0.932397, 0.341464, 0.39386, 0.992819, 0.105555, 0.056295, -0.0, 0.0, 0.0, 0.0, 1.0],
                [0.687093, -0.719316, -0.102407, 0.0, 0.679747, 0.686177, -0.259045, 0.39386, 0.256605, 0.108377, 0.960421, 0.0, 0.0, 0.0, 0.0, 1.0]
            ]
        },
        {
            "name": "Hand_R",
            "time": [0.0, 0.1833, 0.3, 0.3667, 0.4667, 0.8333],
            "transform": [
                [1.0, -0.0, 0.0, 0.0, 0.0, 0.99414, -0.108102, 0.300002, -0.0, 0.108102, 0.99414, -0.0, 0.0, 0.0, 0.0, 1.0],
                [1.0, -3e-06, 1e-06, 0.0, 3e-06, 0.72235, -0.691529, 0.300002, 1e-06, 0.691529, 0.722349, 0.0, 0.0, 0.0, 0.0, 1.0],
                [1.0, -3e-06, 2e-06, 0.0, 3e-06, 0.559766, -0.828651, 0.300003, 2e-06, 0.828651, 0.559766, 0.0, 0.0, 0.0, 0.0, 1.0],
                [1.0, -3e-06, 3e-06, 0.0, 4e-06, 0.275457, -0.961314, 0.300003, 3e-06, 0.961313, 0.275457, 0.0, 0.0, 0.0, 0.0, 1.0],
                [1.0, -3e-06, 2e-06, 0.0, 3e-06, 0.338603, -0.94093, 0.300003, 2e-06, 0.94093, 0.338603, 0.0, 0.0, 0.0, 0.0, 1.0],
                [1.0, -0.0, 0.0, 0.0, 0.0, 0.99414, -0.108107, 0.300003, -0.0, 0.108107, 0.99414, 0.0, 0.0, 0.0, 0.0, 1.0]
            ]
        },
        {
            "name": "Tool_R",
            "time": [0.0, 0.1833, 0.3, 0.3667, 0.4667, 0.8333],
            "transform": [
                [0.97546, 0.21943, 0.018142, 0.000757, 0.220177, -0.971869, -0.083617, 0.266559, -0.000716, 0.08556, -0.996333, 0.042797, 0.0, 0.0, 0.0, 1.0],
                [0.97546, 0.21943, 0.018142, 0.000757, 0.220177, -0.97187, -0.083617, 0.266559, -0.000716, 0.08556, -0.996333, 0.042797, 0.0, 0.0, 0.0, 1.0],
                [0.97546, 0.21943, 0.018142, 0.000757, 0.220177, -0.97187, -0.083617, 0.266559, -0.000716, 0.08556, -0.996333, 0.042797, 0.0, 0.0, 0.0, 1.0],
                [0.97546, 0.21943, 0.018142, 0.000757, 0.220177, -0.97187, -0.083617, 0.266558, -0.000716, 0.08556, -0.996333, 0.042797, 0.0, 0.0, 0.0, 1.0],
                [0.97546, 0.21943, 0.018142, 0.000757, 0.220177, -0.97187, -0.083617, 0.266559, -0.000716, 0.08556, -0.996333, 0.042797, 0.0, 0.0, 0.0, 1.0],
                [0.97546, 0.21943, 0.018142, 0.000757, 0.220177, -0.97187, -0.083617, 0.266558, -0.000716, 0.08556, -0.996333, 0.042797, 0.0, 0.0, 0.0, 1.0]
            ]
        },
        {
            "name": "Elbow_R",
            "time": [0.0, 0.8333],
            "transform": [
                [-1.0, 0.0, 0.0, 0.0, 0.0, 0.003946, -0.999992, 0.309349, -0.0, -0.999992, -0.003946, -0.001215, 0.0, 0.0, 0.0, 1.0],
                [-1.0, 0.0, -0.0, 0.0, 0.0, 0.003946, -0.999992, 0.309349, -0.0, -0.999992, -0.003946, -0.001215, 0.0, 0.0, 0.0, 1.0]
            ]
        },
        {
            "name": "Shoulder_L",
            "time": [0.0, 0.8333],
            "transform": [
                [0.0, -0.952114, -0.305743, -0.0, 0.0, -0.305743, 0.952114, 0.4, -1.0, -0.0, 0.0, -0.0, 0.0, 0.0, 0.0, 1.0],
                [0.0, -0.952114, -0.305743, 0.0, 0.0, -0.305743, 0.952114, 0.4, -1.0, -0.0, 0.0, 0.0, 0.0, 0.0, 0.0, 1.0]
            ]
        },
        {
            "name": "Arm_L",
            "time": [0.0, 0.1833, 0.3, 0.3667, 0.4667, 0.8333],
            "transform": [
                [-0.755646, 0.075811, 0.650578, -0.0, -0.590035, 0.352432, -0.726395, 0.39386, -0.284353, -0.932761, -0.221582, 0.0, 0.0, 0.0, 0.0, 1.0],
                [-0.509808, 0.000474, 0.860288, -0.0, -0.377405, 0.898511, -0.224146, 0.39386, -0.773085, -0.438948, -0.457889, -0.0, 0.0, 0.0, 0.0, 1.0],
                [-0.781849, -0.416048, 0.464345, 0.0, -0.530546, 0.835157, -0.145024, 0.39386, -0.327464, -0.359743, -0.8737, 0.0, 0.0, 0.0, 0.0, 1.0],
                [-0.419195, -0.546292, 0.725149, 0.0, -0.899796, 0.356436, -0.251634, 0.39386, -0.121003, -0.75797, -0.640967, -0.0, 0.0, 0.0, 0.0, 1.0],
                [0.456154, 0.188322, 0.869746, 0.0, -0.879407, 0.245042, 0.408163, 0.39386, -0.136259, -0.951046, 0.277389, 0.0, 0.0, 0.0, 0.0, 1.0],
                [-0.755646, 0.075811, 0.650578, -0.0, -0.590035, 0.352432, -0.726395, 0.39386, -0.284353, -0.932761, -0.221583, -0.0, 0.0, 0.0, 0.0, 1.0]
            ]
        },
        {
            "name": "Hand_L",
            "time": [0.0, 0.1833, 0.3, 0.3667, 0.4667, 0.8333],
            "transform": [
                [1.0, -0.0, 0.0, -0.0, 0.0, 0.398492, -0.917172, 0.300003, 0.0, 0.917172, 0.398492, -0.0, 0.0, 0.0, 0.0, 1.0],
                [1.0, -0.0, 0.0, 0.0, 0.0, 0.856329, -0.516431, 0.300003, -0.0, 0.51643, 0.856329, -0.0, 0.0, 0.0, 0.0, 1.0],
                [1.0, -0.0, 0.0, -0.0, 0.0, 0.192422, -0.981312, 0.300003, 0.0, 0.981313, 0.192422, 0.0, 0.0, 0.0, 0.0, 1.0],
                [1.0, -0.0, 0.0, -0.0, 0.0, 0.121412, -0.992602, 0.300003, 0.0, 0.992603, 0.121412, 0.0, 0.0, 0.0, 0.0, 1.0],
                [1.0, -0.0, 0.0, -0.0, 0.0, 0.588705, -0.808348, 0.300003, 0.0, 0.808349, 0.588705, -0.0, 0.0, 0.0, 0.0, 1.0],
                [1.0, -0.0, 0.0, -0.0, 0.0, 0.398491, -0.917172, 0.300003, 0.0, 0.917172, 0.398491, -0.0, 0.0, 0.0, 0.0, 1.0]
            ]
        },
        {
            "name": "Tool_L",
            "time": [0.0, 0.1833, 0.3, 0.3667, 0.4667, 0.8333],
            "transform": [
                [1.0, -0.0, 0.0, 0.0, 0.0, -0.999559, -0.029689, 0.271711, 0.0, 0.029689, -0.99956, -0.028915, 0.0, 0.0, 0.0, 1.0],
                [1.0, 0.0, 0.0, 0.0, -0.0, -0.999559, -0.029689, 0.271711, 0.0, 0.029689, -0.99956, -0.028915, 0.0, 0.0, 0.0, 1.0],
                [1.0, 0.0, 0.0, -0.0, -0.0, -0.999559, -0.029689, 0.271711, 0.0, 0.029689, -0.999559, -0.028915, 0.0, 0.0, 0.0, 1.0],
                [1.0, 0.0, 0.0, -0.0, 0.0, -0.999559, -0.029689, 0.271711, 0.0, 0.029689, -0.99956, -0.028915, 0.0, 0.0, 0.0, 1.0],
                [1.0, -0.0, 0.0, -0.0, 0.0, -0.999559, -0.029689, 0.271711, 0.0, 0.029689, -0.99956, -0.028915, 0.0, 0.0, 0.0, 1.0],
                [1.0, -0.0, 0.0, 0.0, 0.0, -0.999559, -0.029689, 0.271711, 0.0, 0.029689, -0.99956, -0.028915, 0.0, 0.0, 0.0, 1.0]
            ]
        },
        {
            "name": "Elbow_L",
            "time": [0.0, 0.8333],
            "transform": [
                [-1.0, 0.0, -0.0, -0.0, 0.0, 0.003946, -0.999992, 0.407988, -0.0, -0.999993, -0.003946, -0.000826, 0.0, 0.0, 0.0, 1.0],
                [-1.0, 0.0, -0.0, -0.0, 0.0, 0.003946, -0.999992, 0.407989, -0.0, -0.999993, -0.003946, -0.000826, 0.0, 0.0, 0.0, 1.0]
            ]
        },
        {
            "name": "IK-Thigh_R",
            "time": [0.0, 0.1833, 0.3, 0.3667, 0.4667, 0.8333],
            "transform": [
                [0.975867, -0.038621, -0.214922, 0.10185, -0.001514, -0.985408, 0.170201, -0.002131, -0.218359, -0.165768, -0.961686, -0.102715, 0.0, 0.0, 0.0, 1.0],
                [0.992268, -0.046784, -0.114956, 0.10185, 0.024948, -0.832143, 0.554001, -0.002131, -0.121578, -0.552585, -0.824541, -0.102715, 0.0, 0.0, 0.0, 1.0],
                [0.993901, -0.013835, -0.109407, 0.10185, -0.000576, -0.992737, 0.120303, 0.002609, -0.110277, -0.119506, -0.98669, -0.072696, 0.0, 0.0, 0.0, 1.0],
                [0.99484, -0.01364, -0.100531, 0.10185, -0.019818, -0.997959, -0.060715, 0.008841, -0.099498, 0.062394, -0.99308, -0.033226, 0.0, 0.0, 0.0, 1.0],
                [0.994918, -0.013923, -0.099721, 0.10185, -0.063144, -0.857713, -0.510236, 0.019813, -0.078428, 0.51394, -0.854234, 0.036263, 0.0, 0.0, 0.0, 1.0],
                [0.975867, -0.038621, -0.214922, 0.10185, -0.001514, -0.985408, 0.170202, -0.002131, -0.218359, -0.165769, -0.961686, -0.102715, 0.0, 0.0, 0.0, 1.0]
            ]
        },
        {
            "name": "IK-Leg_R",
            "time": [0.0, 0.8333],
            "transform": [
                [1.0, 5e-06, 1e-06, 0.0, -5e-06, 0.97481, 0.223037, 0.374726, -0.0, -0.223037, 0.97481, -0.0, 0.0, 0.0, 0.0, 1.0],
                [1.0, 5e-06, 1e-06, -0.0, -5e-06, 0.97481, 0.223038, 0.374726, -0.0, -0.223038, 0.97481, 0.0, 0.0, 0.0, 0.0, 1.0]
            ]
        },
        {
            "name": "IK-Thigh_L",
            "time": [0.0, 0.1833, 0.3, 0.3667, 0.4667, 0.8333],
            "transform": [
                [0.560029, -0.140872, -0.816408, -0.090139, -0.017743, -0.987251, 0.15818, 0.000972, -0.828283, -0.0741, -0.555389, 0.103681, 0.0, 0.0, 0.0, 1.0],
                [0.989246, -0.078013, -0.123721, -0.090139, -0.102392, -0.973411, -0.204909, 0.000972, -0.104446, 0.215373, -0.97093, 0.103681, 0.0, 0.0, 0.0, 1.0],
                [0.988757, -0.142224, -0.046174, -0.090139, -0.107267, -0.889764, 0.443637, 0.007292, -0.10418, -0.433696, -0.895016, 0.075242, 0.0, 0.0, 0.0, 1.0],
                [0.98919, -0.144752, -0.023445, -0.090139, -0.084568, -0.693757, 0.715227, 0.015601, -0.119796, -0.705513, -0.698499, 0.03785, 0.0, 0.0, 0.0, 1.0],
                [0.982709, -0.101073, -0.155136, -0.090139, 0.013391, -0.796875, 0.603997, 0.030231, -0.184672, -0.595631, -0.781742, -0.027982, 0.0, 0.0, 0.0, 1.0],
                [0.560029, -0.140873, -0.816408, -0.090139, -0.017743, -0.987251, 0.158181, 0.000972, -0.828283, -0.0741, -0.555389, 0.103681, 0.0, 0.0, 0.0, 1.0]
            ]
        }
    ]
}