{
    "animation": [
        {
            "name": "Root",
            "time": [0.0, 1.0, 2.0],
            "transform": [
                [1.0, 0.0, 0.0, -5e-06, 0.0, 0.0, -1.0, -0.013766, 0.0, 1.0, 0.0, 0.724737, 0.0, 0.0, 0.0, 1.0],
                [1.0, 0.0, 0.0, -5e-06, 0.0, 0.0, -1.0, -0.013766, 0.0, 1.0, 0.0, 0.702619, 0.0, 0.0, 0.0, 1.0],
                [1.0, 0.0, 0.0, -5e-06, 0.0, 0.0, -1.0, -0.013766, 0.0, 1.0, 0.0, 0.724737, 0.0, 0.0, 0.0, 1.0]
            ]
        },
        {
            "name": "Thigh_R",
            "time": [0.0, 1.0, 2.0],
            "transform": [
                [0.975867, -0.038621, -0.214922, 0.10185, -0.001514, -0.985408, 0.170201, -0.002131, -0.218359, -0.165768, -0.961686, -0.102715, 0.0, 0.0, 0.0, 1.0],
                [0.975859, -0.071921, -0.206217, 0.10185, -0.001561, -0.946495, 0.322715, -0.002131, -0.218394, -0.314602, -0.923759, -0.102715, 0.0, 0.0, 0.0, 1.0],
                [0.975867, -0.038621, -0.214922, 0.10185, -0.001514, -0.985408, 0.170201, -0.002131, -0.218359, -0.165768, -0.961686, -0.102715, 0.0, 0.0, 0.0, 1.0]
            ]
        },
        {
            "name": "Leg_R",
            "time": [0.0, 1.0, 2.0],
            "transform": [
                [1.0, 5e-06, 1e-06, 0.0, -5e-06, 0.97481, 0.223037, 0.374726, -0.0, -0.223037, 0.97481, -0.0, 0.0, 0.0, 0.0, 1.0],
                [1.0, 1.1e-05, 4e-06, -0.0, -1.1e-05, 0.859576, 0.511008, 0.374726, 2e-06, -0.511008, 0.859576, -0.0, 0.0, 0.0, 0.0, 1.0],
                [1.0, 5e-06, 1e-06, 0.0, -5e-06, 0.97481, 0.223037, 0.374726, -0.0, -0.223037, 0.97481, -0.0, 0.0, 0.0, 0.0, 1.0]
            ]
        },
        {
            "name": "Knee_R",
            "time": [0.0, 2.0],
            "transform": [
                [1.0, 0.0, -0.0, 0.0, -0.0, 0.00567, -0.999984, 0.374726, -0.0, 0.999984, 0.00567, -0.0, 0.0, 0.0, 0.0, 1.0],
                [1.0, 0.0, -0.0, 0.0, -0.0, 0.00567, -0.999984, 0.374726, -0.0, 0.999984, 0.00567, -0.0, 0.0, 0.0, 0.0, 1.0]
            ]
        },
        {
            "name": "Thigh_L",
            "time": [0.0, 1.0, 2.0],
            "transform": [
                [0.560029, -0.140872, -0.816408, -0.090139, -0.017743, -0.987251, 0.15818, 0.000972, -0.828283, -0.0741, -0.555389, 0.103681, 0.0, 0.0, 0.0, 1.0],
                [0.558225, -0.264504, -0.786398, -0.090139, -0.018201, -0.951499, 0.307115, 0.000972, -0.82949, -0.157126, -0.535965, 0.103681, 0.0, 0.0, 0.0, 1.0],
                [0.560029, -0.140872, -0.816408, -0.090139, -0.017743, -0.987251, 0.15818, 0.000972, -0.828283, -0.0741, -0.555389, 0.103681, 0.0, 0.0, 0.0, 1.0]
            ]
        },
        {
            "name": "Leg_L",
            "time": [0.0, 1.0, 2.0],
            "transform": [
                [1.0, 5e-06, 1e-06, 0.0, -5e-06, 0.971672, 0.236331, 0.374726, -0.0, -0.236331, 0.971673, -0.0, 0.0, 0.0, 0.0, 1.0],
                [1.0, 1.1e-05, 4e-06, 0.0, -1.1e-05, 0.856341, 0.51641, 0.374726, 3e-06, -0.51641, 0.856341, 0.0, 0.0, 0.0, 0.0, 1.0],
                [1.0, 5e-06, 1e-06, 0.0, -5e-06, 0.971672, 0.236331, 0.374726, -0.0, -0.236331, 0.971673, -0.0, 0.0, 0.0, 0.0, 1.0]
            ]
        },
        {
            "name": "Knee_L",
            "time": [0.0, 2.0],
            "transform": [
                [1.0, 0.0, -0.0, 0.0, -0.0, 0.00567, -0.999984, 0.374726, -0.0, 0.999984, 0.00567, -0.0, 0.0, 0.0, 0.0, 1.0],
                [1.0, 0.0, -0.0, 0.0, -0.0, 0.00567, -0.999984, 0.374726, -0.0, 0.999984, 0.00567, -0.0, 0.0, 0.0, 0.0, 1.0]
            ]
        },
        {
            "name": "Torso",
            "time": [0.0, 1.0, 2.0],
            "transform": [
                [0.657299, 0.0, 0.75363, 0.0, 0.0, 1.0, 0.0, 0.05, -0.75363, 0.0, 0.657299, 0.0, 0.0, 0.0, 0.0, 1.0],
                [0.657299, 0.0, 0.75363, 0.0, 0.0, 1.0, 0.0, 0.05, -0.75363, 0.0, 0.657299, 0.0, 0.0, 0.0, 0.0, 1.0],
                [0.657299, 0.0, 0.75363, 0.0, 0.0, 1.0, 0.0, 0.05, -0.75363, 0.0, 0.657299, 0.0, 0.0, 0.0, 0.0, 1.0]
            ]
        },
        {
            "name": "Chest",
            "time": [0.0, 1.0, 2.0],
            "transform": [
                [0.999341, 0.0, 0.036297, -0.0, 0.0, 1.0, 0.0, 0.3, -0.036297, 0.0, 0.999341, -0.0, 0.0, 0.0, 0.0, 1.0],
                [0.999341, 0.0, 0.036297, -0.0, 0.0, 1.0, 0.0, 0.3, -0.036297, 0.0, 0.999341, -0.0, 0.0, 0.0, 0.0, 1.0],
                [0.999341, 0.0, 0.036297, -0.0, 0.0, 1.0, 0.0, 0.3, -0.036297, 0.0, 0.999341, -0.0, 0.0, 0.0, 0.0, 1.0]
            ]
        },
        {
            "name": "Head",
            "time": [0.0, 1.0, 2.0],
            "transform": [
                [0.6298, 0.0, -0.776758, -0.0, 0.0, 1.0, 0.0, 0.4, 0.776758, 0.0, 0.6298, -0.0, 0.0, 0.0, 0.0, 1.0],
                [0.6298, 0.0, -0.776758, -0.0, 0.0, 1.0, 0.0, 0.4, 0.776758, 0.0, 0.6298, -0.0, 0.0, 0.0, 0.0, 1.0],
                [0.6298, 0.0, -0.776758, -0.0, 0.0, 1.0, 0.0, 0.4, 0.776758, 0.0, 0.6298, -0.0, 0.0, 0.0, 0.0, 1.0]
            ]
        },
        {
            "name": "Shoulder_R",
            "time": [0.0, 2.0],
            "transform": [
                [0.0, 0.952114, 0.305743, -0.0, 0.0, -0.305743, 0.952114, 0.4, 1.0, 0.0, -0.0, -0.0, 0.0, 0.0, 0.0, 1.0],
                [0.0, 0.952114, 0.305743, -0.0, 0.0, -0.305743, 0.952114, 0.4, 1.0, 0.0, -0.0, -0.0, 0.0, 0.0, 0.0, 1.0]
            ]
        },
        {
            "name": "Arm_R",
            "time": [0.0, 1.0, 2.0],
            "transform": [
                [0.687093, -0.719317, -0.102405, -0.0, 0.679748, 0.686176, -0.259047, 0.393861, 0.256605, 0.10838, 0.960421, -0.0, 0.0, 0.0, 0.0, 1.0],
                [0.685518, -0.702331, -0.191824, 0.0, 0.681501, 0.711714, -0.170351, 0.393861, 0.256166, -0.013949, 0.966532, -0.0, 0.0, 0.0, 0.0, 1.0],
                [0.687093, -0.719317, -0.102405, -0.0, 0.679748, 0.686176, -0.259047, 0.393861, 0.256605, 0.10838, 0.960421, -0.0, 0.0, 0.0, 0.0, 1.0]
            ]
        },
        {
            "name": "Hand_R",
            "time": [0.0, 1.0, 2.0],
            "transform": [
                [1.0, -0.0, 0.0, 0.0, 0.0, 0.99414, -0.108102, 0.300002, -0.0, 0.108102, 0.99414, -0.0, 0.0, 0.0, 0.0, 1.0],
                [1.0, -1e-06, 0.0, -0.0, 1e-06, 0.936362, -0.351037, 0.300003, 0.0, 0.351037, 0.936362, 0.0, 0.0, 0.0, 0.0, 1.0],
                [1.0, -0.0, 0.0, 0.0, 0.0, 0.99414, -0.108102, 0.300002, -0.0, 0.108102, 0.99414, -0.0, 0.0, 0.0, 0.0, 1.0]
            ]
        },
        {
            "name": "Tool_R",
            "time": [0.0, 1.0, 2.0],
            "transform": [
                [0.97546, 0.21943, 0.018142, 0.000757, 0.220177, -0.971869, -0.083617, 0.266559, -0.000716, 0.08556, -0.996333, 0.042797, 0.0, 0.0, 0.0, 1.0],
                [0.975379, 0.220295, 0.010347, 0.000757, 0.219588, -0.965759, -0.138168, 0.266559, -0.020445, 0.137038, -0.990355, 0.042797, 0.0, 0.0, 0.0, 1.0],
                [0.97546, 0.21943, 0.018142, 0.000757, 0.220177, -0.971869, -0.083617, 0.266559, -0.000716, 0.08556, -0.996333, 0.042797, 0.0, 0.0, 0.0, 1.0]
            ]
        },
        {
            "name": "Elbow_R",
            "time": [0.0, 2.0],
            "transform": [
                [-1.0, 0.0, 0.0, 0.0, 0.0, 0.003946, -0.999992, 0.309349, -0.0, -0.999992, -0.003946, -0.001215, 0.0, 0.0, 0.0, 1.0],
                [-1.0, 0.0, 0.0, 0.0, 0.0, 0.003946, -0.999992, 0.309349, -0.0, -0.999992, -0.003946, -0.001215, 0.0, 0.0, 0.0, 1.0]
            ]
        },
        {
            "name": "Shoulder_L",
            "time": [0.0, 2.0],
            "transform": [
                [0.0, -0.952114, -0.305743, -0.0, 0.0, -0.305743, 0.952114, 0.4, -1.0, -0.0, 0.0, -0.0, 0.0, 0.0, 0.0, 1.0],
                [0.0, -0.952114, -0.305743, -0.0, 0.0, -0.305743, 0.952114, 0.4, -1.0, -0.0, 0.0, -0.0, 0.0, 0.0, 0.0, 1.0]
            ]
        },
        {
            "name": "Arm_L",
            "time": [0.0, 1.0, 2.0],
            "transform": [
                [-0.755646, 0.075811, 0.650578, -0.0, -0.590035, 0.352432, -0.726395, 0.39386, -0.284353, -0.932761, -0.221582, 0.0, 0.0, 0.0, 0.0, 1.0],
                [-0.749205, 0.280413, 0.60005, -0.0, -0.591901, 0.123096, -0.796555, 0.39386, -0.297228, -0.951954, 0.073753, 0.0, 0.0, 0.0, 0.0, 1.0],
                [-0.755646, 0.075811, 0.650578, -0.0, -0.590035, 0.352432, -0.726395, 0.39386, -0.284353, -0.932761, -0.221582, 0.0, 0.0, 0.0, 0.0, 1.0]
            ]
        },
        {
            "name": "Hand_L",
            "time": [0.0, 1.0, 2.0],
            "transform": [
                [1.0, -0.0, 0.0, -0.0, 0.0, 0.398492, -0.917172, 0.300003, 0.0, 0.917172, 0.398492, -0.0, 0.0, 0.0, 0.0, 1.0],
                [1.0, -0.0, 0.0, -0.0, 0.0, 0.357683, -0.933843, 0.300003, 0.0, 0.933843, 0.357683, -0.0, 0.0, 0.0, 0.0, 1.0],
                [1.0, -0.0, 0.0, -0.0, 0.0, 0.398492, -0.917172, 0.300003, 0.0, 0.917172, 0.398492, -0.0, 0.0, 0.0, 0.0, 1.0]
            ]
        },
        {
            "name": "Tool_L",
            "time": [0.0, 1.0, 2.0],
            "transform": [
                [1.0, -0.0, 0.0, 0.0, 0.0, -0.999559, -0.029689, 0.271711, 0.0, 0.029689, -0.99956, -0.028915, 0.0, 0.0, 0.0, 1.0],
                [1.0, -0.0, 0.0, -0.0, 0.0, -0.999559, -0.029689, 0.271711, 0.0, 0.029689, -0.99956, -0.028915, 0.0, 0.0, 0.0, 1.0],
                [1.0, -0.0, 0.0, 0.0, 0.0, -0.999559, -0.029689, 0.271711, 0.0, 0.029689, -0.99956, -0.028915, 0.0, 0.0, 0.0, 1.0]
            ]
        },
        {
            "name": "Elbow_L",
            "time": [0.0, 2.0],
            "transform": [
                [-1.0, 0.0, -0.0, -0.0, 0.0, 0.003946, -0.999992, 0.407988, -0.0, -0.999993, -0.003946, -0.000826, 0.0, 0.0, 0.0, 1.0],
                [-1.0, 0.0, -0.0, -0.0, 0.0, 0.003946, -0.999992, 0.407988, -0.0, -0.999993, -0.003946, -0.000826, 0.0, 0.0, 0.0, 1.0]
            ]
        },
        {
            "name": "IK-Thigh_R",
            "time": [0.0, 1.0, 2.0],
            "transform": [
                [0.975867, -0.038621, -0.214922, 0.10185, -0.001514, -0.985408, 0.170201, -0.002131, -0.218359, -0.165768, -0.961686, -0.102715, 0.0, 0.0, 0.0, 1.0],
                [0.975859, -0.071921, -0.206217, 0.10185, -0.001561, -0.946495, 0.322715, -0.002131, -0.218394, -0.314602, -0.923759, -0.102715, 0.0, 0.0, 0.0, 1.0],
                [0.975867, -0.038621, -0.214922, 0.10185, -0.001514, -0.985408, 0.170201, -0.002131, -0.218359, -0.165768, -0.961686, -0.102715, 0.0, 0.0, 0.0, 1.0]
            ]
        },
        {
            "name": "IK-Leg_R",
            "time": [0.0, 2.0],
            "transform": [
                [1.0, 5e-06, 1e-06, 0.0, -5e-06, 0.97481, 0.223037, 0.374726, -0.0, -0.223037, 0.97481, -0.0, 0.0, 0.0, 0.0, 1.0],
                [1.0, 5e-06, 1e-06, 0.0, -5e-06, 0.97481, 0.223037, 0.374726, -0.0, -0.223037, 0.97481, -0.0, 0.0, 0.0, 0.0, 1.0]
            ]
        },
        {
            "name": "IK-Thigh_L",
            "time": [0.0, 1.0, 2.0],
            "transform": [
                [0.560029, -0.140872, -0.816408, -0.090139, -0.017743, -0.987251, 0.15818, 0.000972, -0.828283, -0.0741, -0.555389, 0.103681, 0.0, 0.0, 0.0, 1.0],
                [0.558225, -0.264504, -0.786398, -0.090139, -0.018201, -0.951499, 0.307115, 0.000972, -0.82949, -0.157126, -0.535965, 0.103681, 0.0, 0.0, 0.0, 1.0],
                [0.560029, -0.140872, -0.816408, -0.090139, -0.017743, -0.987251, 0.15818, 0.000972, -0.828283, -0.0741, -0.555389, 0.103681, 0.0, 0.0, 0.0, 1.0]
            ]
        }
    ]
}