{
  "animation": [
    {
      "name": "Root",
      "time": [
        0.0,
        1.0,
        2.0
      ],
      "transform": [
        [
          1.0,
          0.0,
          0.0,
          -5e-06,
          0.0,
          0.0,
          -1.0,
          0.000946,
          0.0,
          1.0,
          0.0,
          0.763972,
          0.0,
          0.0,
          0.0,
          1.0
        ],
        [
          1.0,
          0.0,
          0.0,
          -5e-06,
          0.0,
          0.0,
          -1.0,
          -0.04913,
          0.0,
          1.0,
          0.0,
          0.741716,
          0.0,
          0.0,
          0.0,
          1.0
        ],
        [
          1.0,
          0.0,
          0.0,
          -5e-06,
          0.0,
          0.0,
          -1.0,
          0.000946,
          0.0,
          1.0,
          0.0,
          0.763972,
          0.0,
          0.0,
          0.0,
          1.0
        ]
      ]
    },
    {
      "name": "Thigh_R",
      "time": [
        0.0,
        1.0,
        2.0
      ],
      "transform": [
        [
          1.0,
          -0.0,
          -0.0,
          0.124994,
          -0.0,
          -0.998131,
          -0.061108,
          -0.00251,
          -0.0,
          0.061108,
          -0.998131,
          0.057555,
          0.0,
          0.0,
          0.0,
          1.0
        ],
        [
          1.0,
          -0.0,
          -0.0,
          0.124994,
          -0.0,
          -0.971476,
          -0.23714,
          -0.00251,
          -0.0,
          0.23714,
          -0.971476,
          0.057555,
          0.0,
          0.0,
          0.0,
          1.0
        ],
        [
          1.0,
          -0.0,
          -0.0,
          0.124994,
          -0.0,
          -0.998131,
          -0.061108,
          -0.00251,
          -0.0,
          0.061108,
          -0.998131,
          0.057555,
          0.0,
          0.0,
          0.0,
          1.0
        ]
      ]
    },
    {
      "name": "Leg_R",
      "time": [
        0.0,
        1.0,
        2.0
      ],
      "transform": [
        [
          1.0,
          0.0,
          1e-06,
          0.0,
          -0.0,
          0.999999,
          0.001468,
          0.374726,
          -1e-06,
          -0.001468,
          0.999999,
          -0.0,
          0.0,
          0.0,
          0.0,
          1.0
        ],
        [
          1.0,
          0.0,
          1e-06,
          0.0,
          -0.0,
          0.999999,
          0.00147,
          0.374726,
          -1e-06,
          -0.00147,
          0.999999,
          0.0,
          0.0,
          0.0,
          0.0,
          1.0
        ],
        [
          1.0,
          0.0,
          1e-06,
          0.0,
          -0.0,
          0.999999,
          0.001468,
          0.374726,
          -1e-06,
          -0.001468,
          0.999999,
          -0.0,
          0.0,
          0.0,
          0.0,
          1.0
        ]
      ]
    },
    {
      "name": "Knee_R",
      "time": [
        0.0,
        2.0
      ],
      "transform": [
        [
          1.0,
          0.0,
          -0.0,
          0.0,
          -0.0,
          0.00567,
          -0.999984,
          0.374726,
          -0.0,
          0.999984,
          0.00567,
          -0.0,
          0.0,
          0.0,
          0.0,
          1.0
        ],
        [
          1.0,
          0.0,
          -0.0,
          0.0,
          -0.0,
          0.00567,
          -0.999984,
          0.374726,
          -0.0,
          0.999984,
          0.00567,
          -0.0,
          0.0,
          0.0,
          0.0,
          1.0
        ]
      ]
    },
    {
      "name": "Thigh_L",
      "time": [
        0.0,
        1.0,
        2.0
      ],
      "transform": [
        [
          1.0,
          -3e-06,
          0.0,
          -0.125006,
          -3e-06,
          -0.968658,
          0.2484,
          -0.002831,
          -1e-06,
          -0.248401,
          -0.968658,
          -0.070633,
          0.0,
          0.0,
          0.0,
          1.0
        ],
        [
          1.0,
          -4e-06,
          0.0,
          -0.125006,
          -4e-06,
          -0.924133,
          0.382071,
          -0.002831,
          -1e-06,
          -0.382071,
          -0.924133,
          -0.070633,
          0.0,
          0.0,
          0.0,
          1.0
        ],
        [
          1.0,
          -3e-06,
          0.0,
          -0.125006,
          -3e-06,
          -0.968658,
          0.2484,
          -0.002831,
          -1e-06,
          -0.248401,
          -0.968658,
          -0.070633,
          0.0,
          0.0,
          0.0,
          1.0
        ]
      ]
    },
    {
      "name": "Leg_L",
      "time": [
        0.0,
        1.0,
        2.0
      ],
      "transform": [
        [
          1.0,
          5e-06,
          1e-06,
          -0.0,
          -6e-06,
          0.965395,
          0.260791,
          0.374726,
          0.0,
          -0.260791,
          0.965395,
          -0.0,
          0.0,
          0.0,
          0.0,
          1.0
        ],
        [
          1.0,
          8e-06,
          2e-06,
          0.0,
          -9e-06,
          0.919149,
          0.39391,
          0.374726,
          1e-06,
          -0.39391,
          0.919149,
          0.0,
          0.0,
          0.0,
          0.0,
          1.0
        ],
        [
          1.0,
          5e-06,
          1e-06,
          -0.0,
          -6e-06,
          0.965395,
          0.260791,
          0.374726,
          0.0,
          -0.260791,
          0.965395,
          -0.0,
          0.0,
          0.0,
          0.0,
          1.0
        ]
      ]
    },
    {
      "name": "Knee_L",
      "time": [
        0.0,
        2.0
      ],
      "transform": [
        [
          1.0,
          0.0,
          -0.0,
          -0.0,
          -0.0,
          0.00567,
          -0.999984,
          0.374726,
          -0.0,
          0.999984,
          0.00567,
          0.0,
          0.0,
          0.0,
          0.0,
          1.0
        ],
        [
          1.0,
          0.0,
          -0.0,
          -0.0,
          -0.0,
          0.00567,
          -0.999984,
          0.374726,
          -0.0,
          0.999984,
          0.00567,
          0.0,
          0.0,
          0.0,
          0.0,
          1.0
        ]
      ]
    },
    {
      "name": "Torso",
      "time": [
        0.0,
        1.0,
        2.0
      ],
      "transform": [
        [
          0.972875,
          0.0,
          -0.231332,
          0.0,
          0.0,
          1.0,
          0.0,
          0.05,
          0.231332,
          0.0,
          0.972875,
          0.0,
          0.0,
          0.0,
          0.0,
          1.0
        ],
        [
          0.972875,
          -0.0,
          -0.231332,
          0.0,
          0.009424,
          0.99917,
          0.039634,
          0.05,
          0.23114,
          -0.040739,
          0.972067,
          0.0,
          0.0,
          0.0,
          0.0,
          1.0
        ],
        [
          0.972875,
          0.0,
          -0.231332,
          0.0,
          0.0,
          1.0,
          0.0,
          0.05,
          0.231332,
          0.0,
          0.972875,
          0.0,
          0.0,
          0.0,
          0.0,
          1.0
        ]
      ]
    },
    {
      "name": "Chest",
      "time": [
        0.0,
        1.0,
        2.0
      ],
      "transform": [
        [
          0.786187,
          0.0,
          -0.617989,
          -0.0,
          0.0,
          1.0,
          0.0,
          0.3,
          0.617989,
          0.0,
          0.786187,
          0.0,
          0.0,
          0.0,
          0.0,
          1.0
        ],
        [
          0.784894,
          -0.027587,
          -0.619015,
          -0.0,
          0.093385,
          0.992864,
          0.074163,
          0.3,
          0.612552,
          -0.116017,
          0.78187,
          -0.0,
          0.0,
          0.0,
          0.0,
          1.0
        ],
        [
          0.786187,
          0.0,
          -0.617989,
          -0.0,
          0.0,
          1.0,
          0.0,
          0.3,
          0.617989,
          0.0,
          0.786187,
          0.0,
          0.0,
          0.0,
          0.0,
          1.0
        ]
      ]
    },
    {
      "name": "Head",
      "time": [
        0.0,
        1.0,
        2.0
      ],
      "transform": [
        [
          0.621493,
          -0.006627,
          0.783392,
          0.0,
          0.004029,
          0.999978,
          0.005262,
          0.4,
          -0.78341,
          -0.000114,
          0.621506,
          0.0,
          0.0,
          0.0,
          0.0,
          1.0
        ],
        [
          0.62197,
          0.110566,
          0.775196,
          -0.0,
          0.004061,
          0.989512,
          -0.144393,
          0.4,
          -0.783031,
          0.092956,
          0.614998,
          -0.0,
          0.0,
          0.0,
          0.0,
          1.0
        ],
        [
          0.621493,
          -0.006627,
          0.783392,
          0.0,
          0.004029,
          0.999978,
          0.005262,
          0.4,
          -0.78341,
          -0.000114,
          0.621506,
          0.0,
          0.0,
          0.0,
          0.0,
          1.0
        ]
      ]
    },
    {
      "name": "Shoulder_R",
      "time": [
        0.0,
        1.0,
        2.0
      ],
      "transform": [
        [
          0.0,
          0.952114,
          0.305743,
          -0.02613,
          0.0,
          -0.305743,
          0.952114,
          0.369515,
          1.0,
          0.0,
          -0.0,
          -0.013377,
          0.0,
          0.0,
          0.0,
          1.0
        ],
        [
          0.0,
          0.952114,
          0.305743,
          -0.013742,
          0.0,
          -0.305743,
          0.952114,
          0.366957,
          1.0,
          0.0,
          -0.0,
          -0.003539,
          0.0,
          0.0,
          0.0,
          1.0
        ],
        [
          0.0,
          0.952114,
          0.305743,
          -0.02613,
          0.0,
          -0.305743,
          0.952114,
          0.369515,
          1.0,
          0.0,
          -0.0,
          -0.013377,
          0.0,
          0.0,
          0.0,
          1.0
        ]
      ]
    },
    {
      "name": "Arm_R",
      "time": [
        0.0,
        1.0,
        2.0
      ],
      "transform": [
        [
          -0.529078,
          -0.848319,
          0.020771,
          0.0,
          0.616884,
          -0.401315,
          -0.677053,
          0.39386,
          0.582693,
          -0.345401,
          0.735641,
          -0.0,
          0.0,
          0.0,
          0.0,
          1.0
        ],
        [
          -0.5328,
          -0.845956,
          -0.021979,
          -0.0,
          0.650153,
          -0.392578,
          -0.650526,
          0.393861,
          0.541688,
          -0.36089,
          0.759166,
          0.0,
          0.0,
          0.0,
          0.0,
          1.0
        ],
        [
          -0.529078,
          -0.848319,
          0.020771,
          0.0,
          0.616884,
          -0.401315,
          -0.677053,
          0.39386,
          0.582693,
          -0.345401,
          0.735641,
          -0.0,
          0.0,
          0.0,
          0.0,
          1.0
        ]
      ]
    },
    {
      "name": "Hand_R",
      "time": [
        0.0,
        1.0,
        2.0
      ],
      "transform": [
        [
          1.0,
          -3e-06,
          1e-06,
          0.0,
          3e-06,
          0.720089,
          -0.693881,
          0.300003,
          1e-06,
          0.693882,
          0.72009,
          0.0,
          0.0,
          0.0,
          0.0,
          1.0
        ],
        [
          1.0,
          -3e-06,
          1e-06,
          0.0,
          3e-06,
          0.653921,
          -0.756563,
          0.300003,
          1e-06,
          0.756563,
          0.653921,
          -0.0,
          0.0,
          0.0,
          0.0,
          1.0
        ],
        [
          1.0,
          -3e-06,
          1e-06,
          0.0,
          3e-06,
          0.720089,
          -0.693881,
          0.300003,
          1e-06,
          0.693882,
          0.72009,
          0.0,
          0.0,
          0.0,
          0.0,
          1.0
        ]
      ]
    },
    {
      "name": "Tool_R",
      "time": [
        0.0,
        1.0,
        2.0
      ],
      "transform": [
        [
          0.908308,
          0.151479,
          -0.389912,
          0.0,
          -0.125326,
          -0.790761,
          -0.599158,
          0.271711,
          -0.399087,
          0.593086,
          -0.69927,
          -0.028915,
          0.0,
          0.0,
          0.0,
          1.0
        ],
        [
          0.908308,
          0.151479,
          -0.389912,
          -0.0,
          -0.125326,
          -0.790761,
          -0.599159,
          0.271711,
          -0.399087,
          0.593086,
          -0.69927,
          -0.028915,
          0.0,
          0.0,
          0.0,
          1.0
        ],
        [
          0.908308,
          0.151479,
          -0.389912,
          0.0,
          -0.125326,
          -0.790761,
          -0.599158,
          0.271711,
          -0.399087,
          0.593086,
          -0.69927,
          -0.028915,
          0.0,
          0.0,
          0.0,
          1.0
        ]
      ]
    },
    {
      "name": "Elbow_R",
      "time": [
        0.0,
        2.0
      ],
      "transform": [
        [
          -1.0,
          0.0,
          0.0,
          0.0,
          0.0,
          0.003946,
          -0.999992,
          0.371061,
          -0.0,
          -0.999993,
          -0.003946,
          -0.000972,
          0.0,
          0.0,
          0.0,
          1.0
        ],
        [
          -1.0,
          0.0,
          0.0,
          0.0,
          0.0,
          0.003946,
          -0.999992,
          0.371061,
          -0.0,
          -0.999993,
          -0.003946,
          -0.000972,
          0.0,
          0.0,
          0.0,
          1.0
        ]
      ]
    },
    {
      "name": "Shoulder_L",
      "time": [
        0.0,
        2.0
      ],
      "transform": [
        [
          0.0,
          -0.952114,
          -0.305743,
          0.0,
          0.0,
          -0.305743,
          0.952114,
          0.4,
          -1.0,
          0.0,
          0.0,
          0.0,
          0.0,
          0.0,
          0.0,
          1.0
        ],
        [
          0.0,
          -0.952114,
          -0.305743,
          0.0,
          0.0,
          -0.305743,
          0.952114,
          0.4,
          -1.0,
          0.0,
          0.0,
          0.0,
          0.0,
          0.0,
          0.0,
          1.0
        ]
      ]
    },
    {
      "name": "Arm_L",
      "time": [
        0.0,
        1.0,
        2.0
      ],
      "transform": [
        [
          -0.277957,
          0.830708,
          0.482351,
          0.0,
          -0.87782,
          -0.015745,
          -0.478732,
          0.39386,
          -0.390092,
          -0.556484,
          0.733589,
          0.0,
          0.0,
          0.0,
          0.0,
          1.0
        ],
        [
          -0.232432,
          0.926996,
          0.294368,
          0.0,
          -0.84715,
          -0.044266,
          -0.529507,
          0.39386,
          -0.477821,
          -0.372448,
          0.795594,
          -0.0,
          0.0,
          0.0,
          0.0,
          1.0
        ],
        [
          -0.277957,
          0.830708,
          0.482351,
          0.0,
          -0.87782,
          -0.015745,
          -0.478732,
          0.39386,
          -0.390092,
          -0.556484,
          0.733589,
          0.0,
          0.0,
          0.0,
          0.0,
          1.0
        ]
      ]
    },
    {
      "name": "Hand_L",
      "time": [
        0.0,
        1.0,
        2.0
      ],
      "transform": [
        [
          1.0,
          -0.0,
          0.0,
          0.0,
          0.0,
          0.679282,
          -0.733878,
          0.300003,
          0.0,
          0.733877,
          0.679282,
          0.0,
          0.0,
          0.0,
          0.0,
          1.0
        ],
        [
          1.0,
          -1e-06,
          1e-06,
          0.0,
          1e-06,
          0.662864,
          -0.74874,
          0.300003,
          1e-06,
          0.74874,
          0.662864,
          0.0,
          0.0,
          0.0,
          0.0,
          1.0
        ],
        [
          1.0,
          -0.0,
          0.0,
          0.0,
          0.0,
          0.679282,
          -0.733878,
          0.300003,
          0.0,
          0.733877,
          0.679282,
          0.0,
          0.0,
          0.0,
          0.0,
          1.0
        ]
      ]
    },
    {
      "name": "Tool_L",
      "time": [
        0.0,
        1.0,
        2.0
      ],
      "transform": [
        [
          0.125319,
          -0.360234,
          0.924406,
          -0.0,
          0.116629,
          -0.919942,
          -0.374306,
          0.271711,
          0.985238,
          0.15472,
          -0.073272,
          -0.028915,
          0.0,
          0.0,
          0.0,
          1.0
        ],
        [
          0.125319,
          -0.360234,
          0.924406,
          -0.0,
          0.116629,
          -0.919942,
          -0.374306,
          0.271711,
          0.985238,
          0.15472,
          -0.073272,
          -0.028915,
          0.0,
          0.0,
          0.0,
          1.0
        ],
        [
          0.125319,
          -0.360234,
          0.924406,
          -0.0,
          0.116629,
          -0.919942,
          -0.374306,
          0.271711,
          0.985238,
          0.15472,
          -0.073272,
          -0.028915,
          0.0,
          0.0,
          0.0,
          1.0
        ]
      ]
    },
    {
      "name": "Elbow_L",
      "time": [
        0.0,
        2.0
      ],
      "transform": [
        [
          -1.0,
          0.0,
          0.0,
          0.0,
          0.0,
          0.003946,
          -0.999992,
          0.376416,
          -0.0,
          -0.999993,
          -0.003946,
          -0.00095,
          0.0,
          0.0,
          0.0,
          1.0
        ],
        [
          -1.0,
          0.0,
          0.0,
          0.0,
          0.0,
          0.003946,
          -0.999992,
          0.376416,
          -0.0,
          -0.999993,
          -0.003946,
          -0.00095,
          0.0,
          0.0,
          0.0,
          1.0
        ]
      ]
    },
    {
      "name": "IK-Thigh_R",
      "time": [
        0.0,
        1.0,
        2.0
      ],
      "transform": [
        [
          1.0,
          -0.0,
          -0.0,
          0.124994,
          -0.0,
          -0.998131,
          -0.061108,
          -0.00251,
          -0.0,
          0.061108,
          -0.998131,
          0.057555,
          0.0,
          0.0,
          0.0,
          1.0
        ],
        [
          1.0,
          -0.0,
          -0.0,
          0.124994,
          -0.0,
          -0.971476,
          -0.23714,
          -0.00251,
          -0.0,
          0.23714,
          -0.971476,
          0.057555,
          0.0,
          0.0,
          0.0,
          1.0
        ],
        [
          1.0,
          -0.0,
          -0.0,
          0.124994,
          -0.0,
          -0.998131,
          -0.061108,
          -0.00251,
          -0.0,
          0.061108,
          -0.998131,
          0.057555,
          0.0,
          0.0,
          0.0,
          1.0
        ]
      ]
    },
    {
      "name": "IK-Leg_R",
      "time": [
        0.0,
        2.0
      ],
      "transform": [
        [
          1.0,
          0.0,
          1e-06,
          0.0,
          -0.0,
          0.999999,
          0.001468,
          0.374726,
          -1e-06,
          -0.001468,
          0.999999,
          -0.0,
          0.0,
          0.0,
          0.0,
          1.0
        ],
        [
          1.0,
          0.0,
          1e-06,
          0.0,
          -0.0,
          0.999999,
          0.001468,
          0.374726,
          -1e-06,
          -0.001468,
          0.999999,
          -0.0,
          0.0,
          0.0,
          0.0,
          1.0
        ]
      ]
    },
    {
      "name": "IK-Thigh_L",
      "time": [
        0.0,
        1.0,
        2.0
      ],
      "transform": [
        [
          1.0,
          -3e-06,
          0.0,
          -0.125006,
          -3e-06,
          -0.968658,
          0.2484,
          -0.002831,
          -1e-06,
          -0.248401,
          -0.968658,
          -0.070633,
          0.0,
          0.0,
          0.0,
          1.0
        ],
        [
          1.0,
          -4e-06,
          0.0,
          -0.125006,
          -4e-06,
          -0.924133,
          0.382071,
          -0.002831,
          -1e-06,
          -0.382071,
          -0.924133,
          -0.070633,
          0.0,
          0.0,
          0.0,
          1.0
        ],
        [
          1.0,
          -3e-06,
          0.0,
          -0.125006,
          -3e-06,
          -0.968658,
          0.2484,
          -0.002831,
          -1e-06,
          -0.248401,
          -0.968658,
          -0.070633,
          0.0,
          0.0,
          0.0,
          1.0
        ]
      ]
    }
  ]
}