{
    "animation": [
        {
            "name": "Root",
            "time": [0.0, 1.0, 2.0],
            "transform": [
                [1.0, 0.0, 0.0, -5e-06, 0.0, 0.0, -1.0, 0.000946, 0.0, 1.0, 0.0, 0.763972, 0.0, 0.0, 0.0, 1.0],
                [1.0, 0.0, 0.0, -5e-06, 0.0, 0.0, -1.0, -0.049241, 0.0, 1.0, 0.0, 0.722149, 0.0, 0.0, 0.0, 1.0],
                [1.0, 0.0, 0.0, -5e-06, 0.0, 0.0, -1.0, 0.000946, 0.0, 1.0, 0.0, 0.763972, 0.0, 0.0, 0.0, 1.0]
            ]
        },
        {
            "name": "Thigh_R",
            "time": [0.0, 1.0, 2.0],
            "transform": [
                [1.0, -0.0, -0.0, 0.124994, -0.0, -0.998131, -0.061108, -0.00251, -0.0, 0.061108, -0.998131, 0.057555, 0.0, 0.0, 0.0, 1.0],
                [1.0, -6e-06, 1e-06, 0.124994, -6e-06, -0.992157, -0.124998, -0.00251, 2e-06, 0.124998, -0.992157, 0.057555, 0.0, 0.0, 0.0, 1.0],
                [1.0, -0.0, -0.0, 0.124994, -0.0, -0.998131, -0.061108, -0.00251, -0.0, 0.061108, -0.998131, 0.057555, 0.0, 0.0, 0.0, 1.0]
            ]
        },
        {
            "name": "Leg_R",
            "time": [0.0, 1.0, 2.0],
            "transform": [
                [1.0, 0.0, 1e-06, 0.0, -0.0, 0.999999, 0.001468, 0.374726, -1e-06, -0.001468, 0.999999, -0.0, 0.0, 0.0, 0.0, 1.0],
                [1.0, 1.1e-05, 4e-06, 0.0, -1.2e-05, 0.842926, 0.538029, 0.374726, 3e-06, -0.53803, 0.842926, -0.0, 0.0, 0.0, 0.0, 1.0],
                [1.0, 0.0, 1e-06, 0.0, -0.0, 0.999999, 0.001468, 0.374726, -1e-06, -0.001468, 0.999999, -0.0, 0.0, 0.0, 0.0, 1.0]
            ]
        },
        {
            "name": "Knee_R",
            "time": [0.0, 2.0],
            "transform": [
                [1.0, 0.0, -0.0, 0.0, -0.0, 0.00567, -0.999984, 0.374726, -0.0, 0.999984, 0.00567, -0.0, 0.0, 0.0, 0.0, 1.0],
                [1.0, 0.0, -0.0, 0.0, -0.0, 0.00567, -0.999984, 0.374726, -0.0, 0.999984, 0.00567, -0.0, 0.0, 0.0, 0.0, 1.0]
            ]
        },
        {
            "name": "Thigh_L",
            "time": [0.0, 1.0, 2.0],
            "transform": [
                [1.0, -3e-06, 0.0, -0.125006, -3e-06, -0.968658, 0.2484, -0.002831, -1e-06, -0.248401, -0.968658, -0.070633, 0.0, 0.0, 0.0, 1.0],
                [1.0, -5e-06, 0.0, -0.125006, -5e-06, -0.901648, 0.432472, -0.002831, -2e-06, -0.432472, -0.901648, -0.070633, 0.0, 0.0, 0.0, 1.0],
                [1.0, -3e-06, 0.0, -0.125006, -3e-06, -0.968658, 0.2484, -0.002831, -1e-06, -0.248401, -0.968658, -0.070633, 0.0, 0.0, 0.0, 1.0]
            ]
        },
        {
            "name": "Leg_L",
            "time": [0.0, 1.0, 2.0],
            "transform": [
                [1.0, 5e-06, 1e-06, -0.0, -6e-06, 0.965395, 0.260791, 0.374726, 0.0, -0.260791, 0.965395, -0.0, 0.0, 0.0, 0.0, 1.0],
                [1.0, 9e-06, 3e-06, 0.0, -1e-05, 0.898532, 0.438907, 0.374726, 1e-06, -0.438907, 0.898532, -0.0, 0.0, 0.0, 0.0, 1.0],
                [1.0, 5e-06, 1e-06, -0.0, -6e-06, 0.965395, 0.260791, 0.374726, 0.0, -0.260791, 0.965395, -0.0, 0.0, 0.0, 0.0, 1.0]
            ]
        },
        {
            "name": "Knee_L",
            "time": [0.0, 2.0],
            "transform": [
                [1.0, 0.0, -0.0, -0.0, -0.0, 0.00567, -0.999984, 0.374726, -0.0, 0.999984, 0.00567, 0.0, 0.0, 0.0, 0.0, 1.0],
                [1.0, 0.0, -0.0, -0.0, -0.0, 0.00567, -0.999984, 0.374726, -0.0, 0.999984, 0.00567, 0.0, 0.0, 0.0, 0.0, 1.0]
            ]
        },
        {
            "name": "Torso",
            "time": [0.0, 1.0, 2.0],
            "transform": [
                [0.972875, 0.0, -0.231332, 0.0, 0.0, 1.0, 0.0, 0.05, 0.231332, 0.0, 0.972875, 0.0, 0.0, 0.0, 0.0, 1.0],
                [0.972875, 0.0, -0.231332, 0.0, 0.0, 1.0, 0.0, 0.05, 0.231332, 0.0, 0.972875, 0.0, 0.0, 0.0, 0.0, 1.0],
                [0.972875, 0.0, -0.231332, 0.0, 0.0, 1.0, 0.0, 0.05, 0.231332, 0.0, 0.972875, 0.0, 0.0, 0.0, 0.0, 1.0]
            ]
        },
        {
            "name": "Chest",
            "time": [0.0, 1.0, 2.0],
            "transform": [
                [0.786187, 0.0, -0.617989, -0.0, 0.0, 1.0, 0.0, 0.3, 0.617989, 0.0, 0.786187, 0.0, 0.0, 0.0, 0.0, 1.0],
                [0.785927, -0.012379, -0.618195, 0.0, 0.041906, 0.998567, 0.03328, 0.3, 0.616897, -0.052061, 0.78532, -0.0, 0.0, 0.0, 0.0, 1.0],
                [0.786187, 0.0, -0.617989, -0.0, 0.0, 1.0, 0.0, 0.3, 0.617989, 0.0, 0.786187, 0.0, 0.0, 0.0, 0.0, 1.0]
            ]
        },
        {
            "name": "Head",
            "time": [0.0, 1.0, 2.0],
            "transform": [
                [0.614053, 0.0, 0.789265, 0.0, 0.0, 1.0, 0.0, 0.4, -0.789265, 0.0, 0.614053, 0.0, 0.0, 0.0, 0.0, 1.0],
                [0.614053, 0.0, 0.789265, -0.0, 0.0, 1.0, 0.0, 0.4, -0.789265, -0.0, 0.614053, -0.0, 0.0, 0.0, 0.0, 1.0],
                [0.614053, 0.0, 0.789265, 0.0, 0.0, 1.0, 0.0, 0.4, -0.789265, 0.0, 0.614053, 0.0, 0.0, 0.0, 0.0, 1.0]
            ]
        },
        {
            "name": "Shoulder_R",
            "time": [0.0, 2.0],
            "transform": [
                [0.0, 0.952114, 0.305743, 0.0, 0.0, -0.305743, 0.952114, 0.4, 1.0, 0.0, -0.0, 0.0, 0.0, 0.0, 0.0, 1.0],
                [0.0, 0.952114, 0.305743, 0.0, 0.0, -0.305743, 0.952114, 0.4, 1.0, 0.0, -0.0, 0.0, 0.0, 0.0, 0.0, 1.0]
            ]
        },
        {
            "name": "Arm_R",
            "time": [0.0, 1.0, 2.0],
            "transform": [
                [-0.548373, -0.805061, -0.226196, 0.0, 0.65464, -0.244981, -0.715144, 0.39386, 0.52032, -0.540242, 0.661366, 0.0, 0.0, 0.0, 0.0, 1.0],
                [-0.573919, -0.731287, -0.368561, -0.0, 0.640339, -0.120201, -0.75863, 0.39386, 0.510474, -0.671396, 0.537257, -0.0, 0.0, 0.0, 0.0, 1.0],
                [-0.548373, -0.805061, -0.226196, 0.0, 0.65464, -0.244981, -0.715144, 0.39386, 0.52032, -0.540242, 0.661366, 0.0, 0.0, 0.0, 0.0, 1.0]
            ]
        },
        {
            "name": "Hand_R",
            "time": [0.0, 1.0, 2.0],
            "transform": [
                [1.0, -4e-06, 3e-06, 0.0, 4e-06, 0.189024, -0.981973, 0.300003, 3e-06, 0.981973, 0.189024, 0.0, 0.0, 0.0, 0.0, 1.0],
                [1.0, -3e-06, 3e-06, -0.0, 3e-06, 0.058905, -0.998263, 0.300003, 3e-06, 0.998264, 0.058905, 0.0, 0.0, 0.0, 0.0, 1.0],
                [1.0, -4e-06, 3e-06, 0.0, 4e-06, 0.189024, -0.981973, 0.300003, 3e-06, 0.981973, 0.189024, 0.0, 0.0, 0.0, 0.0, 1.0]
            ]
        },
        {
            "name": "Tool_R",
            "time": [0.0, 1.0, 2.0],
            "transform": [
                [0.861546, 0.439848, -0.253521, -0.034082, 0.052329, -0.573649, -0.817428, 0.354501, -0.504976, 0.690986, -0.517242, -0.116815, 0.0, 0.0, 0.0, 1.0],
                [0.864944, 0.418447, -0.277082, -0.034082, 0.064097, -0.639685, -0.76596, 0.354502, -0.497759, 0.644752, -0.580113, -0.116815, 0.0, 0.0, 0.0, 1.0],
                [0.861546, 0.439848, -0.253521, -0.034082, 0.052329, -0.573649, -0.817428, 0.354501, -0.504976, 0.690986, -0.517242, -0.116815, 0.0, 0.0, 0.0, 1.0]
            ]
        },
        {
            "name": "Elbow_R",
            "time": [0.0, 2.0],
            "transform": [
                [-1.0, 0.0, -0.0, 0.0, -0.0, 0.003946, -0.999992, 0.428577, -0.0, -0.999992, -0.003946, -0.000745, 0.0, 0.0, 0.0, 1.0],
                [-1.0, 0.0, -0.0, 0.0, -0.0, 0.003946, -0.999992, 0.428577, -0.0, -0.999992, -0.003946, -0.000745, 0.0, 0.0, 0.0, 1.0]
            ]
        },
        {
            "name": "Shoulder_L",
            "time": [0.0, 2.0],
            "transform": [
                [0.0, -0.952114, -0.305743, 0.056823, 0.0, -0.305743, 0.952114, 0.341286, -1.0, 0.0, 0.0, 0.063995, 0.0, 0.0, 0.0, 1.0],
                [0.0, -0.952114, -0.305743, 0.056823, 0.0, -0.305743, 0.952114, 0.341286, -1.0, 0.0, 0.0, 0.063995, 0.0, 0.0, 0.0, 1.0]
            ]
        },
        {
            "name": "Arm_L",
            "time": [0.0, 1.0, 2.0],
            "transform": [
                [-0.104057, 0.903587, 0.415574, -0.0, -0.694633, 0.233016, -0.680579, 0.39386, -0.711798, -0.359491, 0.603415, -0.0, 0.0, 0.0, 0.0, 1.0],
                [-0.12803, 0.916173, 0.379781, -0.0, -0.696009, 0.189796, -0.692494, 0.39386, -0.706526, -0.352991, 0.613366, -0.0, 0.0, 0.0, 0.0, 1.0],
                [-0.104057, 0.903587, 0.415574, -0.0, -0.694633, 0.233016, -0.680579, 0.39386, -0.711798, -0.359491, 0.603415, -0.0, 0.0, 0.0, 0.0, 1.0]
            ]
        },
        {
            "name": "Hand_L",
            "time": [0.0, 1.0, 2.0],
            "transform": [
                [1.0, -0.0, 0.0, -0.0, 0.0, 0.621099, -0.783733, 0.300003, 0.0, 0.783732, 0.621099, -0.0, 0.0, 0.0, 0.0, 1.0],
                [1.0, 0.0, 0.0, -0.0, 0.0, 0.711242, -0.702948, 0.300003, 0.0, 0.702948, 0.711242, 0.0, 0.0, 0.0, 0.0, 1.0],
                [1.0, -0.0, 0.0, -0.0, 0.0, 0.621099, -0.783733, 0.300003, 0.0, 0.783732, 0.621099, -0.0, 0.0, 0.0, 0.0, 1.0]
            ]
        },
        {
            "name": "Tool_L",
            "time": [0.0, 1.0, 2.0],
            "transform": [
                [0.125319, -0.360234, 0.924406, 0.0, 0.116629, -0.919942, -0.374306, 0.271711, 0.985238, 0.15472, -0.073272, -0.028915, 0.0, 0.0, 0.0, 1.0],
                [0.125319, -0.360234, 0.924406, 0.0, 0.116629, -0.919942, -0.374306, 0.271711, 0.985238, 0.15472, -0.073272, -0.028915, 0.0, 0.0, 0.0, 1.0],
                [0.125319, -0.360234, 0.924406, 0.0, 0.116629, -0.919942, -0.374306, 0.271711, 0.985238, 0.15472, -0.073272, -0.028915, 0.0, 0.0, 0.0, 1.0]
            ]
        },
        {
            "name": "Elbow_L",
            "time": [0.0, 2.0],
            "transform": [
                [-1.0, 0.0, 0.0, -0.0, 0.0, 0.003946, -0.999992, 0.383598, -0.0, -0.999992, -0.003946, -0.000922, 0.0, 0.0, 0.0, 1.0],
                [-1.0, 0.0, 0.0, -0.0, 0.0, 0.003946, -0.999992, 0.383598, -0.0, -0.999992, -0.003946, -0.000922, 0.0, 0.0, 0.0, 1.0]
            ]
        },
        {
            "name": "IK-Thigh_R",
            "time": [0.0, 1.0, 2.0],
            "transform": [
                [1.0, -0.0, -0.0, 0.124994, -0.0, -0.998131, -0.061108, -0.00251, -0.0, 0.061108, -0.998131, 0.057555, 0.0, 0.0, 0.0, 1.0],
                [1.0, -6e-06, 1e-06, 0.124994, -6e-06, -0.992157, -0.124998, -0.00251, 2e-06, 0.124998, -0.992157, 0.057555, 0.0, 0.0, 0.0, 1.0],
                [1.0, -0.0, -0.0, 0.124994, -0.0, -0.998131, -0.061108, -0.00251, -0.0, 0.061108, -0.998131, 0.057555, 0.0, 0.0, 0.0, 1.0]
            ]
        },
        {
            "name": "IK-Leg_R",
            "time": [0.0, 2.0],
            "transform": [
                [1.0, 0.0, 1e-06, 0.0, -0.0, 0.999999, 0.001468, 0.374726, -1e-06, -0.001468, 0.999999, -0.0, 0.0, 0.0, 0.0, 1.0],
                [1.0, 0.0, 1e-06, 0.0, -0.0, 0.999999, 0.001468, 0.374726, -1e-06, -0.001468, 0.999999, -0.0, 0.0, 0.0, 0.0, 1.0]
            ]
        },
        {
            "name": "IK-Thigh_L",
            "time": [0.0, 1.0, 2.0],
            "transform": [
                [1.0, -3e-06, 0.0, -0.125006, -3e-06, -0.968658, 0.2484, -0.002831, -1e-06, -0.248401, -0.968658, -0.070633, 0.0, 0.0, 0.0, 1.0],
                [1.0, -5e-06, 0.0, -0.125006, -5e-06, -0.901648, 0.432472, -0.002831, -2e-06, -0.432472, -0.901648, -0.070633, 0.0, 0.0, 0.0, 1.0],
                [1.0, -3e-06, 0.0, -0.125006, -3e-06, -0.968658, 0.2484, -0.002831, -1e-06, -0.248401, -0.968658, -0.070633, 0.0, 0.0, 0.0, 1.0]
            ]
        }
    ]
}