{
  "animation": [
    {
      "name": "Root",
      "time": [
        0.0,
        1.0,
        2.0
      ],
      "transform": [
        [
          1.0,
          0.0,
          0.0,
          -5e-06,
          0.0,
          0.0,
          -1.0,
          0.000946,
          0.0,
          1.0,
          0.0,
          0.763972,
          0.0,
          0.0,
          0.0,
          1.0
        ],
        [
          1.0,
          0.0,
          0.0,
          -5e-06,
          0.0,
          0.0,
          -1.0,
          -0.053,
          0.0,
          1.0,
          0.0,
          0.729642,
          0.0,
          0.0,
          0.0,
          1.0
        ],
        [
          1.0,
          0.0,
          0.0,
          -5e-06,
          0.0,
          0.0,
          -1.0,
          0.000946,
          0.0,
          1.0,
          0.0,
          0.763972,
          0.0,
          0.0,
          0.0,
          1.0
        ]
      ]
    },
    {
      "name": "Thigh_R",
      "time": [
        0.0,
        1.0,
        2.0
      ],
      "transform": [
        [
          1.0,
          -0.0,
          -0.0,
          0.124994,
          -0.0,
          -0.998864,
          -0.047667,
          0.003054,
          -0.0,
          0.047667,
          -0.998863,
          0.035299,
          0.0,
          0.0,
          0.0,
          1.0
        ],
        [
          1.0,
          -4e-06,
          0.0,
          0.124994,
          -4e-06,
          -0.99976,
          0.021928,
          0.003054,
          0.0,
          -0.021928,
          -0.99976,
          0.035299,
          0.0,
          0.0,
          0.0,
          1.0
        ],
        [
          1.0,
          -0.0,
          -0.0,
          0.124994,
          -0.0,
          -0.998864,
          -0.047667,
          0.003054,
          -0.0,
          0.047667,
          -0.998863,
          0.035299,
          0.0,
          0.0,
          0.0,
          1.0
        ]
      ]
    },
    {
      "name": "Leg_R",
      "time": [
        0.0,
        1.0,
        2.0
      ],
      "transform": [
        [
          1.0,
          0.0,
          1e-06,
          -0.0,
          -0.0,
          0.999999,
          0.001468,
          0.374726,
          -1e-06,
          -0.001468,
          0.999999,
          -0.0,
          0.0,
          0.0,
          0.0,
          1.0
        ],
        [
          1.0,
          8e-06,
          2e-06,
          0.0,
          -8e-06,
          0.932355,
          0.361544,
          0.374726,
          1e-06,
          -0.361544,
          0.932355,
          -0.0,
          0.0,
          0.0,
          0.0,
          1.0
        ],
        [
          1.0,
          0.0,
          1e-06,
          -0.0,
          -0.0,
          0.999999,
          0.001468,
          0.374726,
          -1e-06,
          -0.001468,
          0.999999,
          -0.0,
          0.0,
          0.0,
          0.0,
          1.0
        ]
      ]
    },
    {
      "name": "Knee_R",
      "time": [
        0.0,
        2.0
      ],
      "transform": [
        [
          1.0,
          0.0,
          -0.0,
          -0.0,
          -0.0,
          0.00567,
          -0.999984,
          0.374726,
          -0.0,
          0.999984,
          0.00567,
          -0.0,
          0.0,
          0.0,
          0.0,
          1.0
        ],
        [
          1.0,
          0.0,
          -0.0,
          -0.0,
          -0.0,
          0.00567,
          -0.999984,
          0.374726,
          -0.0,
          0.999984,
          0.00567,
          -0.0,
          0.0,
          0.0,
          0.0,
          1.0
        ]
      ]
    },
    {
      "name": "Thigh_L",
      "time": [
        0.0,
        1.0,
        2.0
      ],
      "transform": [
        [
          1.0,
          -3e-06,
          0.0,
          -0.125006,
          -3e-06,
          -0.968658,
          0.2484,
          -0.002831,
          -1e-06,
          -0.248401,
          -0.968658,
          -0.070633,
          0.0,
          0.0,
          0.0,
          1.0
        ],
        [
          1.0,
          -5e-06,
          0.0,
          -0.125006,
          -4e-06,
          -0.916433,
          0.400189,
          -0.002831,
          -2e-06,
          -0.400189,
          -0.916433,
          -0.070633,
          0.0,
          0.0,
          0.0,
          1.0
        ],
        [
          1.0,
          -3e-06,
          0.0,
          -0.125006,
          -3e-06,
          -0.968658,
          0.2484,
          -0.002831,
          -1e-06,
          -0.248401,
          -0.968658,
          -0.070633,
          0.0,
          0.0,
          0.0,
          1.0
        ]
      ]
    },
    {
      "name": "Leg_L",
      "time": [
        0.0,
        1.0,
        2.0
      ],
      "transform": [
        [
          1.0,
          5e-06,
          1e-06,
          -0.0,
          -6e-06,
          0.965395,
          0.260791,
          0.374726,
          0.0,
          -0.260791,
          0.965395,
          -0.0,
          0.0,
          0.0,
          0.0,
          1.0
        ],
        [
          1.0,
          9e-06,
          3e-06,
          -0.0,
          -9e-06,
          0.907981,
          0.41901,
          0.374726,
          1e-06,
          -0.41901,
          0.907981,
          0.0,
          0.0,
          0.0,
          0.0,
          1.0
        ],
        [
          1.0,
          5e-06,
          1e-06,
          -0.0,
          -6e-06,
          0.965395,
          0.260791,
          0.374726,
          0.0,
          -0.260791,
          0.965395,
          -0.0,
          0.0,
          0.0,
          0.0,
          1.0
        ]
      ]
    },
    {
      "name": "Knee_L",
      "time": [
        0.0,
        2.0
      ],
      "transform": [
        [
          1.0,
          0.0,
          -0.0,
          -0.0,
          -0.0,
          0.00567,
          -0.999984,
          0.374726,
          -0.0,
          0.999984,
          0.00567,
          0.0,
          0.0,
          0.0,
          0.0,
          1.0
        ],
        [
          1.0,
          0.0,
          -0.0,
          -0.0,
          -0.0,
          0.00567,
          -0.999984,
          0.374726,
          -0.0,
          0.999984,
          0.00567,
          0.0,
          0.0,
          0.0,
          0.0,
          1.0
        ]
      ]
    },
    {
      "name": "Torso",
      "time": [
        0.0,
        1.0,
        2.0
      ],
      "transform": [
        [
          0.972875,
          0.0,
          -0.231332,
          0.0,
          0.0,
          1.0,
          0.0,
          0.05,
          0.231332,
          0.0,
          0.972875,
          0.0,
          0.0,
          0.0,
          0.0,
          1.0
        ],
        [
          0.972875,
          0.0,
          -0.231332,
          0.0,
          0.0,
          1.0,
          0.0,
          0.05,
          0.231332,
          0.0,
          0.972875,
          0.0,
          0.0,
          0.0,
          0.0,
          1.0
        ],
        [
          0.972875,
          0.0,
          -0.231332,
          0.0,
          0.0,
          1.0,
          0.0,
          0.05,
          0.231332,
          0.0,
          0.972875,
          0.0,
          0.0,
          0.0,
          0.0,
          1.0
        ]
      ]
    },
    {
      "name": "Chest",
      "time": [
        0.0,
        1.0,
        2.0
      ],
      "transform": [
        [
          0.786187,
          0.0,
          -0.617989,
          -0.0,
          0.0,
          1.0,
          0.0,
          0.3,
          0.617989,
          0.0,
          0.786187,
          0.0,
          0.0,
          0.0,
          0.0,
          1.0
        ],
        [
          0.784948,
          -0.027004,
          -0.618972,
          0.0,
          0.091413,
          0.993163,
          0.072596,
          0.3,
          0.61278,
          -0.113566,
          0.78205,
          -0.0,
          0.0,
          0.0,
          0.0,
          1.0
        ],
        [
          0.786187,
          0.0,
          -0.617989,
          -0.0,
          0.0,
          1.0,
          0.0,
          0.3,
          0.617989,
          0.0,
          0.786187,
          0.0,
          0.0,
          0.0,
          0.0,
          1.0
        ]
      ]
    },
    {
      "name": "Head",
      "time": [
        0.0,
        1.0,
        2.0
      ],
      "transform": [
        [
          0.614053,
          0.0,
          0.789265,
          0.0,
          0.0,
          1.0,
          0.0,
          0.4,
          -0.789265,
          0.0,
          0.614053,
          0.0,
          0.0,
          0.0,
          0.0,
          1.0
        ],
        [
          0.614091,
          0.077183,
          0.785452,
          0.0,
          0.000984,
          0.995131,
          -0.098556,
          0.4,
          -0.789235,
          0.061295,
          0.611025,
          -0.0,
          0.0,
          0.0,
          0.0,
          1.0
        ],
        [
          0.614053,
          0.0,
          0.789265,
          0.0,
          0.0,
          1.0,
          0.0,
          0.4,
          -0.789265,
          0.0,
          0.614053,
          0.0,
          0.0,
          0.0,
          0.0,
          1.0
        ]
      ]
    },
    {
      "name": "Shoulder_R",
      "time": [
        0.0,
        2.0
      ],
      "transform": [
        [
          0.0,
          0.952114,
          0.305743,
          0.0,
          0.0,
          -0.305743,
          0.952114,
          0.4,
          1.0,
          0.0,
          -0.0,
          0.0,
          0.0,
          0.0,
          0.0,
          1.0
        ],
        [
          0.0,
          0.952114,
          0.305743,
          0.0,
          0.0,
          -0.305743,
          0.952114,
          0.4,
          1.0,
          0.0,
          -0.0,
          0.0,
          0.0,
          0.0,
          0.0,
          1.0
        ]
      ]
    },
    {
      "name": "Arm_R",
      "time": [
        0.0,
        1.0,
        2.0
      ],
      "transform": [
        [
          -0.753078,
          -0.052653,
          -0.655821,
          0.0,
          0.63095,
          0.224733,
          -0.742562,
          0.39386,
          0.186483,
          -0.972997,
          -0.13602,
          0.0,
          0.0,
          0.0,
          0.0,
          1.0
        ],
        [
          -0.752292,
          0.029356,
          -0.658175,
          0.0,
          0.630646,
          0.321153,
          -0.706503,
          0.39386,
          0.190635,
          -0.946573,
          -0.260114,
          0.0,
          0.0,
          0.0,
          0.0,
          1.0
        ],
        [
          -0.753078,
          -0.052653,
          -0.655821,
          0.0,
          0.63095,
          0.224733,
          -0.742562,
          0.39386,
          0.186483,
          -0.972997,
          -0.13602,
          0.0,
          0.0,
          0.0,
          0.0,
          1.0
        ]
      ]
    },
    {
      "name": "Hand_R",
      "time": [
        0.0,
        1.0,
        2.0
      ],
      "transform": [
        [
          1.0,
          -4e-06,
          3e-06,
          0.0,
          4e-06,
          0.119103,
          -0.992882,
          0.300003,
          3e-06,
          0.992882,
          0.119103,
          0.0,
          0.0,
          0.0,
          0.0,
          1.0
        ],
        [
          1.0,
          -3e-06,
          4e-06,
          -0.0,
          4e-06,
          -0.108961,
          -0.994046,
          0.300003,
          4e-06,
          0.994046,
          -0.108961,
          0.0,
          0.0,
          0.0,
          0.0,
          1.0
        ],
        [
          1.0,
          -4e-06,
          3e-06,
          0.0,
          4e-06,
          0.119103,
          -0.992882,
          0.300003,
          3e-06,
          0.992882,
          0.119103,
          0.0,
          0.0,
          0.0,
          0.0,
          1.0
        ]
      ]
    },
    {
      "name": "Tool_R",
      "time": [
        0.0,
        1.0,
        2.0
      ],
      "transform": [
        [
          0.999996,
          -0.001072,
          0.00256,
          0.0,
          -0.000848,
          -0.9963,
          -0.085943,
          0.271711,
          0.002643,
          0.085941,
          -0.996297,
          -0.028915,
          0.0,
          0.0,
          0.0,
          1.0
        ],
        [
          0.999996,
          -0.001072,
          0.00256,
          0.0,
          -0.000848,
          -0.9963,
          -0.085943,
          0.271711,
          0.002643,
          0.085941,
          -0.996297,
          -0.028915,
          0.0,
          0.0,
          0.0,
          1.0
        ],
        [
          0.999996,
          -0.001072,
          0.00256,
          0.0,
          -0.000848,
          -0.9963,
          -0.085943,
          0.271711,
          0.002643,
          0.085941,
          -0.996297,
          -0.028915,
          0.0,
          0.0,
          0.0,
          1.0
        ]
      ]
    },
    {
      "name": "Elbow_R",
      "time": [
        0.0,
        2.0
      ],
      "transform": [
        [
          -1.0,
          0.0,
          -0.0,
          -0.0,
          0.0,
          0.003946,
          -0.999992,
          0.43521,
          -0.0,
          -0.999992,
          -0.003946,
          -0.000719,
          0.0,
          0.0,
          0.0,
          1.0
        ],
        [
          -1.0,
          0.0,
          -0.0,
          -0.0,
          0.0,
          0.003946,
          -0.999992,
          0.43521,
          -0.0,
          -0.999992,
          -0.003946,
          -0.000719,
          0.0,
          0.0,
          0.0,
          1.0
        ]
      ]
    },
    {
      "name": "Shoulder_L",
      "time": [
        0.0,
        2.0
      ],
      "transform": [
        [
          0.0,
          -0.952114,
          -0.305743,
          0.0,
          0.0,
          -0.305743,
          0.952114,
          0.4,
          -1.0,
          0.0,
          0.0,
          0.0,
          0.0,
          0.0,
          0.0,
          1.0
        ],
        [
          0.0,
          -0.952114,
          -0.305743,
          0.0,
          0.0,
          -0.305743,
          0.952114,
          0.4,
          -1.0,
          0.0,
          0.0,
          0.0,
          0.0,
          0.0,
          0.0,
          1.0
        ]
      ]
    },
    {
      "name": "Arm_L",
      "time": [
        0.0,
        1.0,
        2.0
      ],
      "transform": [
        [
          -0.404394,
          0.419573,
          0.812664,
          0.0,
          -0.890665,
          0.021218,
          -0.454163,
          0.39386,
          -0.207798,
          -0.907473,
          0.365119,
          0.0,
          0.0,
          0.0,
          0.0,
          1.0
        ],
        [
          -0.376122,
          0.455541,
          0.806854,
          0.0,
          -0.894482,
          0.048667,
          -0.444447,
          0.39386,
          -0.241732,
          -0.888883,
          0.389169,
          -0.0,
          0.0,
          0.0,
          0.0,
          1.0
        ],
        [
          -0.404394,
          0.419573,
          0.812664,
          0.0,
          -0.890665,
          0.021218,
          -0.454163,
          0.39386,
          -0.207798,
          -0.907473,
          0.365119,
          0.0,
          0.0,
          0.0,
          0.0,
          1.0
        ]
      ]
    },
    {
      "name": "Hand_L",
      "time": [
        0.0,
        1.0,
        2.0
      ],
      "transform": [
        [
          1.0,
          -0.0,
          0.0,
          -0.0,
          0.0,
          0.597962,
          -0.801525,
          0.300003,
          0.0,
          0.801524,
          0.597961,
          -0.0,
          0.0,
          0.0,
          0.0,
          1.0
        ],
        [
          1.0,
          -1e-06,
          1e-06,
          -0.0,
          1e-06,
          0.412535,
          -0.910942,
          0.300002,
          1e-06,
          0.910942,
          0.412535,
          0.0,
          0.0,
          0.0,
          0.0,
          1.0
        ],
        [
          1.0,
          -0.0,
          0.0,
          -0.0,
          0.0,
          0.597962,
          -0.801525,
          0.300003,
          0.0,
          0.801524,
          0.597961,
          -0.0,
          0.0,
          0.0,
          0.0,
          1.0
        ]
      ]
    },
    {
      "name": "Tool_L",
      "time": [
        0.0,
        1.0,
        2.0
      ],
      "transform": [
        [
          0.125319,
          -0.360234,
          0.924406,
          0.0,
          0.116629,
          -0.919942,
          -0.374306,
          0.271711,
          0.985238,
          0.15472,
          -0.073272,
          -0.028915,
          0.0,
          0.0,
          0.0,
          1.0
        ],
        [
          0.125319,
          -0.360234,
          0.924406,
          0.0,
          0.116629,
          -0.919942,
          -0.374306,
          0.271711,
          0.985238,
          0.15472,
          -0.073272,
          -0.028915,
          0.0,
          0.0,
          0.0,
          1.0
        ],
        [
          0.125319,
          -0.360234,
          0.924406,
          0.0,
          0.116629,
          -0.919942,
          -0.374306,
          0.271711,
          0.985238,
          0.15472,
          -0.073272,
          -0.028915,
          0.0,
          0.0,
          0.0,
          1.0
        ]
      ]
    },
    {
      "name": "Elbow_L",
      "time": [
        0.0,
        2.0
      ],
      "transform": [
        [
          -1.0,
          0.0,
          -0.0,
          0.0,
          0.0,
          0.003946,
          -0.999992,
          0.386334,
          -0.0,
          -0.999993,
          -0.003946,
          -0.000912,
          0.0,
          0.0,
          0.0,
          1.0
        ],
        [
          -1.0,
          0.0,
          -0.0,
          0.0,
          0.0,
          0.003946,
          -0.999992,
          0.386334,
          -0.0,
          -0.999993,
          -0.003946,
          -0.000912,
          0.0,
          0.0,
          0.0,
          1.0
        ]
      ]
    },
    {
      "name": "IK-Thigh_R",
      "time": [
        0.0,
        1.0,
        2.0
      ],
      "transform": [
        [
          1.0,
          -0.0,
          -0.0,
          0.124994,
          -0.0,
          -0.998864,
          -0.047667,
          0.003054,
          -0.0,
          0.047667,
          -0.998863,
          0.035299,
          0.0,
          0.0,
          0.0,
          1.0
        ],
        [
          1.0,
          -4e-06,
          0.0,
          0.124994,
          -4e-06,
          -0.99976,
          0.021928,
          0.003054,
          0.0,
          -0.021928,
          -0.99976,
          0.035299,
          0.0,
          0.0,
          0.0,
          1.0
        ],
        [
          1.0,
          -0.0,
          -0.0,
          0.124994,
          -0.0,
          -0.998864,
          -0.047667,
          0.003054,
          -0.0,
          0.047667,
          -0.998863,
          0.035299,
          0.0,
          0.0,
          0.0,
          1.0
        ]
      ]
    },
    {
      "name": "IK-Leg_R",
      "time": [
        0.0,
        2.0
      ],
      "transform": [
        [
          1.0,
          0.0,
          1e-06,
          -0.0,
          -0.0,
          0.999999,
          0.001468,
          0.374726,
          -1e-06,
          -0.001468,
          0.999999,
          -0.0,
          0.0,
          0.0,
          0.0,
          1.0
        ],
        [
          1.0,
          0.0,
          1e-06,
          -0.0,
          -0.0,
          0.999999,
          0.001468,
          0.374726,
          -1e-06,
          -0.001468,
          0.999999,
          -0.0,
          0.0,
          0.0,
          0.0,
          1.0
        ]
      ]
    },
    {
      "name": "IK-Thigh_L",
      "time": [
        0.0,
        1.0,
        2.0
      ],
      "transform": [
        [
          1.0,
          -3e-06,
          0.0,
          -0.125006,
          -3e-06,
          -0.968658,
          0.2484,
          -0.002831,
          -1e-06,
          -0.248401,
          -0.968658,
          -0.070633,
          0.0,
          0.0,
          0.0,
          1.0
        ],
        [
          1.0,
          -5e-06,
          0.0,
          -0.125006,
          -4e-06,
          -0.916433,
          0.400189,
          -0.002831,
          -2e-06,
          -0.400189,
          -0.916433,
          -0.070633,
          0.0,
          0.0,
          0.0,
          1.0
        ],
        [
          1.0,
          -3e-06,
          0.0,
          -0.125006,
          -3e-06,
          -0.968658,
          0.2484,
          -0.002831,
          -1e-06,
          -0.248401,
          -0.968658,
          -0.070633,
          0.0,
          0.0,
          0.0,
          1.0
        ]
      ]
    }
  ]
}