{
    "animation": [
        {
            "name": "Root",
            "time": [0.0, 1.0, 2.0],
            "transform": [
                [1.0, 0.0, 0.0, -5e-06, 0.0, 0.0, -1.0, 0.000946, 0.0, 1.0, 0.0, 0.763972, 0.0, 0.0, 0.0, 1.0],
                [1.0, 0.0, 0.0, -5e-06, 0.0, 0.0, -1.0, -0.04913, 0.0, 1.0, 0.0, 0.741716, 0.0, 0.0, 0.0, 1.0],
                [1.0, 0.0, 0.0, -5e-06, 0.0, 0.0, -1.0, 0.000946, 0.0, 1.0, 0.0, 0.763972, 0.0, 0.0, 0.0, 1.0]
            ]
        },
        {
            "name": "Thigh_R",
            "time": [0.0, 1.0, 2.0],
            "transform": [
                [1.0, -0.0, -0.0, 0.124994, -0.0, -0.998131, -0.061108, -0.00251, -0.0, 0.061108, -0.998131, 0.057555, 0.0, 0.0, 0.0, 1.0],
                [1.0, -0.0, -0.0, 0.124994, -0.0, -0.971476, -0.23714, -0.00251, -0.0, 0.23714, -0.971476, 0.057555, 0.0, 0.0, 0.0, 1.0],
                [1.0, -0.0, -0.0, 0.124994, -0.0, -0.998131, -0.061108, -0.00251, -0.0, 0.061108, -0.998131, 0.057555, 0.0, 0.0, 0.0, 1.0]
            ]
        },
        {
            "name": "Leg_R",
            "time": [0.0, 1.0, 2.0],
            "transform": [
                [1.0, 0.0, 1e-06, 0.0, -0.0, 0.999999, 0.001468, 0.374726, -1e-06, -0.001468, 0.999999, -0.0, 0.0, 0.0, 0.0, 1.0],
                [1.0, 0.0, 1e-06, 0.0, -0.0, 0.999999, 0.00147, 0.374726, -1e-06, -0.00147, 0.999999, 0.0, 0.0, 0.0, 0.0, 1.0],
                [1.0, 0.0, 1e-06, 0.0, -0.0, 0.999999, 0.001468, 0.374726, -1e-06, -0.001468, 0.999999, -0.0, 0.0, 0.0, 0.0, 1.0]
            ]
        },
        {
            "name": "Knee_R",
            "time": [0.0, 2.0],
            "transform": [
                [1.0, 0.0, -0.0, 0.0, -0.0, 0.00567, -0.999984, 0.374726, -0.0, 0.999984, 0.00567, -0.0, 0.0, 0.0, 0.0, 1.0],
                [1.0, 0.0, -0.0, 0.0, -0.0, 0.00567, -0.999984, 0.374726, -0.0, 0.999984, 0.00567, -0.0, 0.0, 0.0, 0.0, 1.0]
            ]
        },
        {
            "name": "Thigh_L",
            "time": [0.0, 1.0, 2.0],
            "transform": [
                [1.0, -3e-06, 0.0, -0.125006, -3e-06, -0.968658, 0.2484, -0.002831, -1e-06, -0.248401, -0.968658, -0.070633, 0.0, 0.0, 0.0, 1.0],
                [1.0, -4e-06, 0.0, -0.125006, -4e-06, -0.924133, 0.382071, -0.002831, -1e-06, -0.382071, -0.924133, -0.070633, 0.0, 0.0, 0.0, 1.0],
                [1.0, -3e-06, 0.0, -0.125006, -3e-06, -0.968658, 0.2484, -0.002831, -1e-06, -0.248401, -0.968658, -0.070633, 0.0, 0.0, 0.0, 1.0]
            ]
        },
        {
            "name": "Leg_L",
            "time": [0.0, 1.0, 2.0],
            "transform": [
                [1.0, 5e-06, 1e-06, -0.0, -6e-06, 0.965395, 0.260791, 0.374726, 0.0, -0.260791, 0.965395, -0.0, 0.0, 0.0, 0.0, 1.0],
                [1.0, 8e-06, 2e-06, 0.0, -9e-06, 0.919149, 0.39391, 0.374726, 1e-06, -0.39391, 0.919149, 0.0, 0.0, 0.0, 0.0, 1.0],
                [1.0, 5e-06, 1e-06, -0.0, -6e-06, 0.965395, 0.260791, 0.374726, 0.0, -0.260791, 0.965395, -0.0, 0.0, 0.0, 0.0, 1.0]
            ]
        },
        {
            "name": "Knee_L",
            "time": [0.0, 2.0],
            "transform": [
                [1.0, 0.0, -0.0, -0.0, -0.0, 0.00567, -0.999984, 0.374726, -0.0, 0.999984, 0.00567, 0.0, 0.0, 0.0, 0.0, 1.0],
                [1.0, 0.0, -0.0, -0.0, -0.0, 0.00567, -0.999984, 0.374726, -0.0, 0.999984, 0.00567, 0.0, 0.0, 0.0, 0.0, 1.0]
            ]
        },
        {
            "name": "Torso",
            "time": [0.0, 1.0, 2.0],
            "transform": [
                [0.972875, 0.0, -0.231332, 0.0, 0.0, 1.0, 0.0, 0.05, 0.231332, 0.0, 0.972875, 0.0, 0.0, 0.0, 0.0, 1.0],
                [0.972875, -0.0, -0.231332, 0.0, 0.009424, 0.99917, 0.039634, 0.05, 0.23114, -0.040739, 0.972067, 0.0, 0.0, 0.0, 0.0, 1.0],
                [0.972875, 0.0, -0.231332, 0.0, 0.0, 1.0, 0.0, 0.05, 0.231332, 0.0, 0.972875, 0.0, 0.0, 0.0, 0.0, 1.0]
            ]
        },
        {
            "name": "Chest",
            "time": [0.0, 1.0, 2.0],
            "transform": [
                [0.786187, 0.0, -0.617989, -0.0, 0.0, 1.0, 0.0, 0.3, 0.617989, 0.0, 0.786187, 0.0, 0.0, 0.0, 0.0, 1.0],
                [0.784894, -0.027587, -0.619015, -0.0, 0.093385, 0.992864, 0.074163, 0.3, 0.612552, -0.116017, 0.78187, -0.0, 0.0, 0.0, 0.0, 1.0],
                [0.786187, 0.0, -0.617989, -0.0, 0.0, 1.0, 0.0, 0.3, 0.617989, 0.0, 0.786187, 0.0, 0.0, 0.0, 0.0, 1.0]
            ]
        },
        {
            "name": "Head",
            "time": [0.0, 1.0, 2.0],
            "transform": [
                [0.621493, -0.006627, 0.783392, 0.0, 0.004029, 0.999978, 0.005262, 0.4, -0.78341, -0.000114, 0.621506, 0.0, 0.0, 0.0, 0.0, 1.0],
                [0.622118, 0.146507, 0.769094, -0.0, 0.004052, 0.98172, -0.190289, 0.4, -0.782914, 0.121498, 0.610151, -0.0, 0.0, 0.0, 0.0, 1.0],
                [0.621493, -0.006627, 0.783392, 0.0, 0.004029, 0.999978, 0.005262, 0.4, -0.78341, -0.000114, 0.621506, 0.0, 0.0, 0.0, 0.0, 1.0]
            ]
        },
        {
            "name": "Shoulder_R",
            "time": [0.0, 1.0, 2.0],
            "transform": [
                [0.0, 0.952114, 0.305743, -0.02613, 0.0, -0.305743, 0.952114, 0.369515, 1.0, 0.0, -0.0, -0.013377, 0.0, 0.0, 0.0, 1.0],
                [0.0, 0.952114, 0.305743, -0.013742, 0.0, -0.305743, 0.952114, 0.366957, 1.0, 0.0, -0.0, -0.003539, 0.0, 0.0, 0.0, 1.0],
                [0.0, 0.952114, 0.305743, -0.02613, 0.0, -0.305743, 0.952114, 0.369515, 1.0, 0.0, -0.0, -0.013377, 0.0, 0.0, 0.0, 1.0]
            ]
        },
        {
            "name": "Arm_R",
            "time": [0.0, 1.0, 2.0],
            "transform": [
                [-0.558984, -0.585413, -0.587222, 0.0, 0.591079, 0.215344, -0.777337, 0.39386, 0.581517, -0.781613, 0.225651, -0.0, 0.0, 0.0, 0.0, 1.0],
                [-0.550903, -0.547608, -0.629787, -0.0, 0.635036, 0.214586, -0.74208, 0.393861, 0.541512, -0.808751, 0.229535, 0.0, 0.0, 0.0, 0.0, 1.0],
                [-0.558984, -0.585413, -0.587222, 0.0, 0.591079, 0.215344, -0.777337, 0.39386, 0.581517, -0.781613, 0.225651, -0.0, 0.0, 0.0, 0.0, 1.0]
            ]
        },
        {
            "name": "Hand_R",
            "time": [0.0, 1.0, 2.0],
            "transform": [
                [1.0, -4e-06, 3e-06, 0.0, 4e-06, 0.165369, -0.986232, 0.300003, 3e-06, 0.986232, 0.165369, -0.0, 0.0, 0.0, 0.0, 1.0],
                [1.0, -3e-06, 3e-06, 0.0, 4e-06, 0.141057, -0.990002, 0.300003, 3e-06, 0.990001, 0.141057, 0.0, 0.0, 0.0, 0.0, 1.0],
                [1.0, -4e-06, 3e-06, 0.0, 4e-06, 0.165369, -0.986232, 0.300003, 3e-06, 0.986232, 0.165369, -0.0, 0.0, 0.0, 0.0, 1.0]
            ]
        },
        {
            "name": "Tool_R",
            "time": [0.0, 1.0, 2.0],
            "transform": [
                [0.758407, 0.560361, -0.33289, 0.067086, 0.442307, -0.817611, -0.368615, 0.189298, -0.478732, 0.132321, -0.867933, 0.070628, 0.0, 0.0, 0.0, 1.0],
                [0.758407, 0.560361, -0.33289, 0.067086, 0.442307, -0.817611, -0.368615, 0.189298, -0.478732, 0.132321, -0.867933, 0.070628, 0.0, 0.0, 0.0, 1.0],
                [0.758407, 0.560361, -0.33289, 0.067086, 0.442307, -0.817611, -0.368615, 0.189298, -0.478732, 0.132321, -0.867933, 0.070628, 0.0, 0.0, 0.0, 1.0]
            ]
        },
        {
            "name": "Elbow_R",
            "time": [0.0, 2.0],
            "transform": [
                [-1.0, 0.0, -0.0, 0.0, 0.0, 0.003946, -0.999992, 0.430829, -0.0, -0.999992, -0.003946, -0.000736, 0.0, 0.0, 0.0, 1.0],
                [-1.0, 0.0, -0.0, 0.0, 0.0, 0.003946, -0.999992, 0.430829, -0.0, -0.999992, -0.003946, -0.000736, 0.0, 0.0, 0.0, 1.0]
            ]
        },
        {
            "name": "Shoulder_L",
            "time": [0.0, 1.0, 2.0],
            "transform": [
                [0.0, -0.952114, -0.305743, -0.01581, 0.0, -0.305743, 0.952114, 0.32701, -1.0, 0.0, 0.0, 0.000933, 0.0, 0.0, 0.0, 1.0],
                [-0.0, -0.952114, -0.305743, -0.01581, 0.0, -0.305743, 0.952114, 0.32701, -1.0, -0.0, 0.0, 0.000933, 0.0, 0.0, 0.0, 1.0],
                [0.0, -0.952114, -0.305743, -0.01581, 0.0, -0.305743, 0.952114, 0.32701, -1.0, 0.0, 0.0, 0.000933, 0.0, 0.0, 0.0, 1.0]
            ]
        },
        {
            "name": "Arm_L",
            "time": [0.0, 1.0, 2.0],
            "transform": [
                [-0.207964, 0.947273, 0.243767, -0.0, -0.855646, -0.055427, -0.514585, 0.39386, -0.473941, -0.315594, 0.822058, -0.0, 0.0, 0.0, 0.0, 1.0],
                [-0.234232, 0.922956, 0.305426, 0.0, -0.848722, -0.040912, -0.527254, 0.39386, -0.474137, -0.382722, 0.792917, -0.0, 0.0, 0.0, 0.0, 1.0],
                [-0.207964, 0.947273, 0.243767, -0.0, -0.855646, -0.055427, -0.514585, 0.39386, -0.473941, -0.315594, 0.822058, -0.0, 0.0, 0.0, 0.0, 1.0]
            ]
        },
        {
            "name": "Hand_L",
            "time": [0.0, 1.0, 2.0],
            "transform": [
                [1.0, -0.0, 0.0, -0.0, 0.0, 0.876337, -0.4817, 0.300003, -0.0, 0.481699, 0.876336, 0.0, 0.0, 0.0, 0.0, 1.0],
                [1.0, -1e-06, 0.0, 0.0, 1e-06, 0.87574, -0.482785, 0.300002, 0.0, 0.482784, 0.87574, 0.0, 0.0, 0.0, 0.0, 1.0],
                [1.0, -0.0, 0.0, -0.0, 0.0, 0.876337, -0.4817, 0.300003, -0.0, 0.481699, 0.876336, 0.0, 0.0, 0.0, 0.0, 1.0]
            ]
        },
        {
            "name": "Tool_L",
            "time": [0.0, 1.0, 2.0],
            "transform": [
                [0.125319, -0.360234, 0.924406, 0.0, 0.116629, -0.919942, -0.374306, 0.271711, 0.985238, 0.15472, -0.073272, -0.028915, 0.0, 0.0, 0.0, 1.0],
                [0.125319, -0.360234, 0.924406, 0.0, 0.116629, -0.919942, -0.374306, 0.271711, 0.985238, 0.15472, -0.073272, -0.028915, 0.0, 0.0, 0.0, 1.0],
                [0.125319, -0.360234, 0.924406, 0.0, 0.116629, -0.919942, -0.374306, 0.271711, 0.985238, 0.15472, -0.073272, -0.028915, 0.0, 0.0, 0.0, 1.0]
            ]
        },
        {
            "name": "Elbow_L",
            "time": [0.0, 2.0],
            "transform": [
                [-1.0, 0.0, -0.0, -0.0, 0.0, 0.003946, -0.999992, 0.346296, -0.0, -0.999993, -0.003946, -0.001069, 0.0, 0.0, 0.0, 1.0],
                [-1.0, 0.0, -0.0, -0.0, 0.0, 0.003946, -0.999992, 0.346296, -0.0, -0.999993, -0.003946, -0.001069, 0.0, 0.0, 0.0, 1.0]
            ]
        },
        {
            "name": "IK-Thigh_R",
            "time": [0.0, 1.0, 2.0],
            "transform": [
                [1.0, -0.0, -0.0, 0.124994, -0.0, -0.998131, -0.061108, -0.00251, -0.0, 0.061108, -0.998131, 0.057555, 0.0, 0.0, 0.0, 1.0],
                [1.0, -0.0, -0.0, 0.124994, -0.0, -0.971476, -0.23714, -0.00251, -0.0, 0.23714, -0.971476, 0.057555, 0.0, 0.0, 0.0, 1.0],
                [1.0, -0.0, -0.0, 0.124994, -0.0, -0.998131, -0.061108, -0.00251, -0.0, 0.061108, -0.998131, 0.057555, 0.0, 0.0, 0.0, 1.0]
            ]
        },
        {
            "name": "IK-Leg_R",
            "time": [0.0, 2.0],
            "transform": [
                [1.0, 0.0, 1e-06, 0.0, -0.0, 0.999999, 0.001468, 0.374726, -1e-06, -0.001468, 0.999999, -0.0, 0.0, 0.0, 0.0, 1.0],
                [1.0, 0.0, 1e-06, 0.0, -0.0, 0.999999, 0.001468, 0.374726, -1e-06, -0.001468, 0.999999, -0.0, 0.0, 0.0, 0.0, 1.0]
            ]
        },
        {
            "name": "IK-Thigh_L",
            "time": [0.0, 1.0, 2.0],
            "transform": [
                [1.0, -3e-06, 0.0, -0.125006, -3e-06, -0.968658, 0.2484, -0.002831, -1e-06, -0.248401, -0.968658, -0.070633, 0.0, 0.0, 0.0, 1.0],
                [1.0, -4e-06, 0.0, -0.125006, -4e-06, -0.924133, 0.382071, -0.002831, -1e-06, -0.382071, -0.924133, -0.070633, 0.0, 0.0, 0.0, 1.0],
                [1.0, -3e-06, 0.0, -0.125006, -3e-06, -0.968658, 0.2484, -0.002831, -1e-06, -0.248401, -0.968658, -0.070633, 0.0, 0.0, 0.0, 1.0]
            ]
        }
    ]
}