{
    "animation": [
        {
            "name": "Root",
            "time": [0.0, 1.0, 2.0],
            "transform": [
                [1.0, 0.0, 0.0, -5e-06, 0.0, 0.0, -1.0, -0.079859, 0.0, 1.0, 0.0, 0.531676, 0.0, 0.0, 0.0, 1.0],
                [1.0, 0.0, 0.0, -5e-06, 0.0, 0.0, -1.0, -0.079859, 0.0, 1.0, 0.0, 0.520226, 0.0, 0.0, 0.0, 1.0],
                [1.0, 0.0, 0.0, -5e-06, 0.0, 0.0, -1.0, -0.079859, 0.0, 1.0, 0.0, 0.531676, 0.0, 0.0, 0.0, 1.0]
            ]
        },
        {
            "name": "Thigh_R",
            "time": [0.0, 1.0, 2.0],
            "transform": [
                [0.999323, 0.034407, 0.012995, 0.11206, 0.036398, -0.975929, -0.21503, -0.005932, 0.005284, 0.215358, -0.976521, 0.061298, 0.0, 0.0, 0.0, 1.0],
                [0.999269, 0.036098, 0.012588, 0.11206, 0.037931, -0.977279, -0.208537, -0.005932, 0.004774, 0.208862, -0.977934, 0.061298, 0.0, 0.0, 0.0, 1.0],
                [0.999323, 0.034407, 0.012995, 0.11206, 0.036398, -0.975929, -0.21503, -0.005932, 0.005284, 0.215358, -0.976521, 0.061298, 0.0, 0.0, 0.0, 1.0]
            ]
        },
        {
            "name": "Leg_R",
            "time": [0.0, 1.0, 2.0],
            "transform": [
                [1.0, 2e-05, 1.4e-05, -0.0, -2e-05, 0.343933, 0.938994, 0.374726, 1.3e-05, -0.938994, 0.343933, 0.0, 0.0, 0.0, 0.0, 1.0],
                [1.0, 2e-05, 1.6e-05, -0.0, -2.1e-05, 0.277925, 0.960603, 0.374726, 1.5e-05, -0.960603, 0.277925, -0.0, 0.0, 0.0, 0.0, 1.0],
                [1.0, 2e-05, 1.4e-05, -0.0, -2e-05, 0.343933, 0.938994, 0.374726, 1.3e-05, -0.938994, 0.343933, 0.0, 0.0, 0.0, 0.0, 1.0]
            ]
        },
        {
            "name": "Knee_R",
            "time": [0.0, 2.0],
            "transform": [
                [1.0, 0.0, -0.0, -0.0, -0.0, 0.00567, -0.999984, 0.446654, -0.0, 0.999984, 0.00567, -0.000408, 0.0, 0.0, 0.0, 1.0],
                [1.0, 0.0, -0.0, -0.0, -0.0, 0.00567, -0.999984, 0.446654, -0.0, 0.999984, 0.00567, -0.000408, 0.0, 0.0, 0.0, 1.0]
            ]
        },
        {
            "name": "Thigh_L",
            "time": [0.0, 1.0, 2.0],
            "transform": [
                [0.999694, 0.01241, 0.021377, -0.138947, -0.015002, -0.382738, 0.923735, 0.001114, 0.019645, -0.923774, -0.382435, 0.022415, 0.0, 0.0, 0.0, 1.0],
                [0.999683, 0.013344, 0.02133, -0.138947, -0.015588, -0.33695, 0.941394, 0.001114, 0.019749, -0.941428, -0.336635, 0.022415, 0.0, 0.0, 0.0, 1.0],
                [0.999694, 0.01241, 0.021377, -0.138947, -0.015002, -0.382738, 0.923735, 0.001114, 0.019645, -0.923774, -0.382435, 0.022415, 0.0, 0.0, 0.0, 1.0]
            ]
        },
        {
            "name": "Leg_L",
            "time": [0.0, 2.0],
            "transform": [
                [1.0, 1.9e-05, 1.4e-05, -0.0, -2e-05, 0.390591, 0.920564, 0.374726, 1.3e-05, -0.920564, 0.390591, 0.0, 0.0, 0.0, 0.0, 1.0],
                [1.0, 1.9e-05, 1.4e-05, -0.0, -2e-05, 0.390591, 0.920564, 0.374726, 1.3e-05, -0.920564, 0.390591, 0.0, 0.0, 0.0, 0.0, 1.0]
            ]
        },
        {
            "name": "Knee_L",
            "time": [0.0, 2.0],
            "transform": [
                [1.0, 0.0, -0.0, 0.0, -0.0, 0.00567, -0.999984, 0.441384, -0.0, 0.999984, 0.00567, -0.000378, 0.0, 0.0, 0.0, 1.0],
                [1.0, 0.0, -0.0, 0.0, -0.0, 0.00567, -0.999984, 0.441384, -0.0, 0.999984, 0.00567, -0.000378, 0.0, 0.0, 0.0, 1.0]
            ]
        },
        {
            "name": "Torso",
            "time": [0.0, 1.0, 2.0],
            "transform": [
                [0.919626, -0.056034, 0.388778, 0.0, -0.016774, 0.983268, 0.181394, 0.05, -0.392437, -0.173336, 0.903298, 0.0, 0.0, 0.0, 0.0, 1.0],
                [0.919626, -0.056034, 0.388778, 0.0, -0.032277, 0.975645, 0.216966, 0.05, -0.391466, -0.212076, 0.89542, 0.0, 0.0, 0.0, 0.0, 1.0],
                [0.919626, -0.056034, 0.388778, 0.0, -0.016774, 0.983268, 0.181394, 0.05, -0.392437, -0.173336, 0.903298, 0.0, 0.0, 0.0, 0.0, 1.0]
            ]
        },
        {
            "name": "Chest",
            "time": [0.0, 1.0, 2.0],
            "transform": [
                [0.999334, -0.035472, -0.008546, 0.0, 0.036364, 0.949067, 0.31297, 0.3, -0.002991, -0.313073, 0.949725, -0.0, 0.0, 0.0, 0.0, 1.0],
                [0.999684, -0.02494, -0.003122, -0.0, 0.02452, 0.940369, 0.33927, 0.3, -0.005526, -0.339239, 0.940684, -0.0, 0.0, 0.0, 0.0, 1.0],
                [0.999334, -0.035472, -0.008546, 0.0, 0.036364, 0.949067, 0.31297, 0.3, -0.002991, -0.313073, 0.949725, -0.0, 0.0, 0.0, 0.0, 1.0]
            ]
        },
        {
            "name": "Head",
            "time": [0.0, 1.0, 2.0],
            "transform": [
                [0.908381, 0.020766, -0.417627, 0.0, -0.222435, 0.869723, -0.440572, 0.4, 0.354071, 0.493103, 0.794659, -0.0, 0.0, 0.0, 0.0, 1.0],
                [0.908595, -0.00568, -0.41764, -0.0, -0.223188, 0.838582, -0.496959, 0.4, 0.353048, 0.544746, 0.760664, 0.0, 0.0, 0.0, 0.0, 1.0],
                [0.908381, 0.020766, -0.417627, 0.0, -0.222435, 0.869723, -0.440572, 0.4, 0.354071, 0.493103, 0.794659, -0.0, 0.0, 0.0, 0.0, 1.0]
            ]
        },
        {
            "name": "Shoulder_R",
            "time": [0.0, 1.0, 2.0],
            "transform": [
                [0.0, 0.952114, 0.305743, -0.036552, -0.0, -0.305743, 0.952114, 0.362644, 1.0, 0.0, -0.0, 0.045036, 0.0, 0.0, 0.0, 1.0],
                [0.0, 0.952114, 0.305743, -0.036552, -0.0, -0.305743, 0.952114, 0.362644, 1.0, -0.0, -0.0, 0.045036, 0.0, 0.0, 0.0, 1.0],
                [0.0, 0.952114, 0.305743, -0.036552, -0.0, -0.305743, 0.952114, 0.362644, 1.0, 0.0, -0.0, 0.045036, 0.0, 0.0, 0.0, 1.0]
            ]
        },
        {
            "name": "Arm_R",
            "time": [0.0, 1.0, 2.0],
            "transform": [
                [0.122561, -0.792837, -0.596983, 0.0, 0.979476, 0.193614, -0.056046, 0.39386, 0.160019, -0.577861, 0.800294, 0.0, 0.0, 0.0, 0.0, 1.0],
                [0.115118, -0.774628, -0.621853, -0.0, 0.978316, 0.196923, -0.064196, 0.393861, 0.172185, -0.600978, 0.780499, 0.0, 0.0, 0.0, 0.0, 1.0],
                [0.122561, -0.792837, -0.596983, 0.0, 0.979476, 0.193614, -0.056046, 0.39386, 0.160019, -0.577861, 0.800294, 0.0, 0.0, 0.0, 0.0, 1.0]
            ]
        },
        {
            "name": "Hand_R",
            "time": [0.0, 1.0, 2.0],
            "transform": [
                [1.0, -4e-06, 3e-06, -0.0, 4e-06, 0.441512, -0.897255, 0.300003, 3e-06, 0.897255, 0.441512, 0.0, 0.0, 0.0, 0.0, 1.0],
                [1.0, -2e-06, 2e-06, -0.0, 2e-06, 0.337694, -0.941255, 0.300003, 1e-06, 0.941256, 0.337694, 0.0, 0.0, 0.0, 0.0, 1.0],
                [1.0, -4e-06, 3e-06, -0.0, 4e-06, 0.441512, -0.897255, 0.300003, 3e-06, 0.897255, 0.441512, 0.0, 0.0, 0.0, 0.0, 1.0]
            ]
        },
        {
            "name": "Tool_R",
            "time": [0.0, 1.0, 2.0],
            "transform": [
                [0.961205, 0.273439, 0.03629, 0.000606, 0.275654, -0.957003, -0.090339, 0.262148, 0.010027, 0.096838, -0.99525, 0.132275, 0.0, 0.0, 0.0, 1.0],
                [0.965746, 0.257584, 0.031393, 0.000606, 0.259409, -0.961375, -0.092001, 0.262149, 0.006482, 0.096993, -0.995265, 0.132275, 0.0, 0.0, 0.0, 1.0],
                [0.961205, 0.273439, 0.03629, 0.000606, 0.275654, -0.957003, -0.090339, 0.262148, 0.010027, 0.096838, -0.99525, 0.132275, 0.0, 0.0, 0.0, 1.0]
            ]
        },
        {
            "name": "Elbow_R",
            "time": [0.0, 2.0],
            "transform": [
                [-1.0, 0.0, -0.0, 0.0, 0.0, 0.003946, -0.999992, 0.403545, -0.0, -0.999992, -0.003946, -0.000844, 0.0, 0.0, 0.0, 1.0],
                [-1.0, 0.0, -0.0, 0.0, 0.0, 0.003946, -0.999992, 0.403545, -0.0, -0.999992, -0.003946, -0.000844, 0.0, 0.0, 0.0, 1.0]
            ]
        },
        {
            "name": "Shoulder_L",
            "time": [0.0, 1.0, 2.0],
            "transform": [
                [-0.0, -0.952114, -0.305743, 0.027489, 0.0, -0.305743, 0.952114, 0.364915, -1.0, -0.0, 0.0, -0.004843, 0.0, 0.0, 0.0, 1.0],
                [0.0, -0.952114, -0.305743, 0.027489, 0.0, -0.305743, 0.952114, 0.364914, -1.0, 0.0, 0.0, -0.004843, 0.0, 0.0, 0.0, 1.0],
                [-0.0, -0.952114, -0.305743, 0.027489, 0.0, -0.305743, 0.952114, 0.364915, -1.0, -0.0, 0.0, -0.004843, 0.0, 0.0, 0.0, 1.0]
            ]
        },
        {
            "name": "Arm_L",
            "time": [0.0, 1.0, 2.0],
            "transform": [
                [-0.794934, 0.596945, 0.10833, -0.0, -0.211875, -0.105837, -0.971548, 0.39386, -0.568496, -0.79527, 0.210612, 0.0, 0.0, 0.0, 0.0, 1.0],
                [-0.814851, 0.562087, 0.141687, 0.0, -0.17458, -0.004887, -0.984631, 0.39386, -0.552756, -0.827063, 0.102112, 0.0, 0.0, 0.0, 0.0, 1.0],
                [-0.794934, 0.596945, 0.10833, -0.0, -0.211875, -0.105837, -0.971548, 0.39386, -0.568496, -0.79527, 0.210612, 0.0, 0.0, 0.0, 0.0, 1.0]
            ]
        },
        {
            "name": "Hand_L",
            "time": [0.0, 1.0, 2.0],
            "transform": [
                [1.0, 0.0, -0.0, 0.0, -0.0, 0.725427, -0.688299, 0.300003, -0.0, 0.688299, 0.725427, 0.0, 0.0, 0.0, 0.0, 1.0],
                [1.0, 1e-06, -1e-06, -0.0, -1e-06, 0.557122, -0.830431, 0.300003, -1e-06, 0.830431, 0.557123, 0.0, 0.0, 0.0, 0.0, 1.0],
                [1.0, 0.0, -0.0, 0.0, -0.0, 0.725427, -0.688299, 0.300003, -0.0, 0.688299, 0.725427, 0.0, 0.0, 0.0, 0.0, 1.0]
            ]
        },
        {
            "name": "Tool_L",
            "time": [0.0, 1.0, 2.0],
            "transform": [
                [1.0, 0.0, 0.0, -0.0, -0.0, -0.999559, -0.029689, 0.271711, 0.0, 0.029689, -0.999559, -0.028915, 0.0, 0.0, 0.0, 1.0],
                [1.0, 0.0, 0.0, -0.0, 0.0, -0.999559, -0.029689, 0.271711, 0.0, 0.029689, -0.99956, -0.028915, 0.0, 0.0, 0.0, 1.0],
                [1.0, 0.0, 0.0, -0.0, -0.0, -0.999559, -0.029689, 0.271711, 0.0, 0.029689, -0.999559, -0.028915, 0.0, 0.0, 0.0, 1.0]
            ]
        },
        {
            "name": "Elbow_L",
            "time": [0.0, 2.0],
            "transform": [
                [-1.0, 0.0, -0.0, 0.0, 0.0, 0.003946, -0.999992, 0.370338, -0.0, -0.999993, -0.003946, -0.000975, 0.0, 0.0, 0.0, 1.0],
                [-1.0, 0.0, -0.0, 0.0, 0.0, 0.003946, -0.999992, 0.370338, -0.0, -0.999993, -0.003946, -0.000975, 0.0, 0.0, 0.0, 1.0]
            ]
        },
        {
            "name": "IK-Thigh_R",
            "time": [0.0, 1.0, 2.0],
            "transform": [
                [0.999323, 0.034407, 0.012995, 0.11206, 0.036398, -0.975929, -0.21503, -0.005932, 0.005284, 0.215358, -0.976521, 0.061298, 0.0, 0.0, 0.0, 1.0],
                [0.999269, 0.036098, 0.012588, 0.11206, 0.037931, -0.977279, -0.208537, -0.005932, 0.004774, 0.208862, -0.977934, 0.061298, 0.0, 0.0, 0.0, 1.0],
                [0.999323, 0.034407, 0.012995, 0.11206, 0.036398, -0.975929, -0.21503, -0.005932, 0.005284, 0.215358, -0.976521, 0.061298, 0.0, 0.0, 0.0, 1.0]
            ]
        },
        {
            "name": "IK-Leg_R",
            "time": [0.0, 2.0],
            "transform": [
                [1.0, 2e-05, 1.4e-05, -0.0, -2e-05, 0.343933, 0.938994, 0.374726, 1.3e-05, -0.938994, 0.343933, 0.0, 0.0, 0.0, 0.0, 1.0],
                [1.0, 2e-05, 1.4e-05, -0.0, -2e-05, 0.343933, 0.938994, 0.374726, 1.3e-05, -0.938994, 0.343933, 0.0, 0.0, 0.0, 0.0, 1.0]
            ]
        },
        {
            "name": "IK-Thigh_L",
            "time": [0.0, 1.0, 2.0],
            "transform": [
                [0.999694, 0.01241, 0.021377, -0.138947, -0.015002, -0.382738, 0.923735, 0.001114, 0.019645, -0.923774, -0.382435, 0.022415, 0.0, 0.0, 0.0, 1.0],
                [0.999683, 0.013344, 0.02133, -0.138947, -0.015588, -0.33695, 0.941394, 0.001114, 0.019749, -0.941428, -0.336635, 0.022415, 0.0, 0.0, 0.0, 1.0],
                [0.999694, 0.01241, 0.021377, -0.138947, -0.015002, -0.382738, 0.923735, 0.001114, 0.019645, -0.923774, -0.382435, 0.022415, 0.0, 0.0, 0.0, 1.0]
            ]
        }
    ]
}