{
    "animation": [
        {
            "name": "Root",
            "time": [0.0, 1.0, 2.0],
            "transform": [
                [1.0, 0.0, 0.0, -5e-06, 0.0, 0.0, -1.0, 0.000946, 0.0, 1.0, 0.0, 0.4969, 0.0, 0.0, 0.0, 1.0],
                [1.0, 0.0, 0.0, -5e-06, 0.0, 0.0, -1.0, 0.000946, 0.0, 1.0, 0.0, 0.4969, 0.0, 0.0, 0.0, 1.0],
                [1.0, 0.0, 0.0, -5e-06, 0.0, 0.0, -1.0, 0.000946, 0.0, 1.0, 0.0, 0.4969, 0.0, 0.0, 0.0, 1.0]
            ]
        },
        {
            "name": "Thigh_R",
            "time": [0.0, 1.0, 2.0],
            "transform": [
                [1.0, -1.5e-05, 6e-06, 0.124994, -1.5e-05, -1.0, -0.000348, -0.00251, 6e-06, 0.000348, -1.0, 0.057555, 0.0, 0.0, 0.0, 1.0],
                [1.0, -1.5e-05, 6e-06, 0.124994, -1.5e-05, -1.0, -0.000348, -0.00251, 6e-06, 0.000348, -1.0, 0.057555, 0.0, 0.0, 0.0, 1.0],
                [1.0, -1.5e-05, 6e-06, 0.124994, -1.5e-05, -1.0, -0.000348, -0.00251, 6e-06, 0.000348, -1.0, 0.057555, 0.0, 0.0, 0.0, 1.0]
            ]
        },
        {
            "name": "Leg_R",
            "time": [0.0, 1.0, 2.0],
            "transform": [
                [1.0, 2.1e-05, 2.1e-05, -0.0, -2.2e-05, 0.020826, 0.999783, 0.374726, 2.1e-05, -0.999783, 0.020826, 0.0, 0.0, 0.0, 0.0, 1.0],
                [1.0, 2.1e-05, 2.1e-05, -0.0, -2.2e-05, 0.020826, 0.999783, 0.374726, 2.1e-05, -0.999783, 0.020826, 0.0, 0.0, 0.0, 0.0, 1.0],
                [1.0, 2.1e-05, 2.1e-05, -0.0, -2.2e-05, 0.020826, 0.999783, 0.374726, 2.1e-05, -0.999783, 0.020826, 0.0, 0.0, 0.0, 0.0, 1.0]
            ]
        },
        {
            "name": "Knee_R",
            "time": [0.0, 2.0],
            "transform": [
                [1.0, 0.0, -0.0, 0.0, -0.0, 0.00567, -0.999984, 0.481346, -0.0, 0.999984, 0.00567, -0.000605, 0.0, 0.0, 0.0, 1.0],
                [1.0, 0.0, -0.0, 0.0, -0.0, 0.00567, -0.999984, 0.481346, -0.0, 0.999984, 0.00567, -0.000605, 0.0, 0.0, 0.0, 1.0]
            ]
        },
        {
            "name": "Thigh_L",
            "time": [0.0, 1.0, 2.0],
            "transform": [
                [1.0, -1.3e-05, 4e-06, -0.125006, -8e-06, -0.271171, 0.962531, -0.002831, -1.2e-05, -0.962532, -0.271171, -0.070633, 0.0, 0.0, 0.0, 1.0],
                [1.0, -1.3e-05, 4e-06, -0.125006, -8e-06, -0.271171, 0.962531, -0.002831, -1.2e-05, -0.962532, -0.271171, -0.070633, 0.0, 0.0, 0.0, 1.0],
                [1.0, -1.3e-05, 4e-06, -0.125006, -8e-06, -0.271171, 0.962531, -0.002831, -1.2e-05, -0.962532, -0.271171, -0.070633, 0.0, 0.0, 0.0, 1.0]
            ]
        },
        {
            "name": "Leg_L",
            "time": [0.0, 1.0, 2.0],
            "transform": [
                [1.0, 2e-05, 1.7e-05, 0.0, -2.1e-05, 0.243101, 0.970001, 0.374726, 1.6e-05, -0.970001, 0.243101, 0.0, 0.0, 0.0, 0.0, 1.0],
                [1.0, 2e-05, 1.7e-05, 0.0, -2.1e-05, 0.243101, 0.970001, 0.374726, 1.6e-05, -0.970001, 0.243101, 0.0, 0.0, 0.0, 0.0, 1.0],
                [1.0, 2e-05, 1.7e-05, 0.0, -2.1e-05, 0.243101, 0.970001, 0.374726, 1.6e-05, -0.970001, 0.243101, 0.0, 0.0, 0.0, 0.0, 1.0]
            ]
        },
        {
            "name": "Knee_L",
            "time": [0.0, 2.0],
            "transform": [
                [1.0, 0.0, -0.0, 0.0, -0.0, 0.00567, -0.999984, 0.45774, -0.0, 0.999984, 0.00567, -0.000471, 0.0, 0.0, 0.0, 1.0],
                [1.0, 0.0, -0.0, 0.0, -0.0, 0.00567, -0.999984, 0.45774, -0.0, 0.999984, 0.00567, -0.000471, 0.0, 0.0, 0.0, 1.0]
            ]
        },
        {
            "name": "Torso",
            "time": [0.0, 1.0, 2.0],
            "transform": [
                [0.972875, 0.0, -0.231332, 0.0, 0.0, 1.0, 0.0, 0.05, 0.231332, 0.0, 0.972875, 0.0, 0.0, 0.0, 0.0, 1.0],
                [0.972875, -0.0, -0.231332, 0.0, 0.014582, 0.998012, 0.061323, 0.05, 0.230872, -0.063033, 0.97094, 0.0, 0.0, 0.0, 0.0, 1.0],
                [0.972875, 0.0, -0.231332, 0.0, 0.0, 1.0, 0.0, 0.05, 0.231332, 0.0, 0.972875, 0.0, 0.0, 0.0, 0.0, 1.0]
            ]
        },
        {
            "name": "Chest",
            "time": [0.0, 1.0, 2.0],
            "transform": [
                [0.776078, -0.076198, -0.626017, -0.0, 0.257942, 0.944195, 0.204846, 0.3, 0.575474, -0.320452, 0.752423, 0.0, 0.0, 0.0, 0.0, 1.0],
                [0.77102, -0.092661, -0.630034, -0.0, 0.31367, 0.916274, 0.249103, 0.3, 0.554202, -0.389686, 0.73553, -0.0, 0.0, 0.0, 0.0, 1.0],
                [0.776078, -0.076198, -0.626017, -0.0, 0.257942, 0.944195, 0.204846, 0.3, 0.575474, -0.320452, 0.752423, 0.0, 0.0, 0.0, 0.0, 1.0]
            ]
        },
        {
            "name": "Head",
            "time": [0.0, 1.0, 2.0],
            "transform": [
                [0.614434, 0.241441, 0.751118, -0.0, 0.003078, 0.951284, -0.308301, 0.4, -0.788963, 0.191742, 0.583758, -0.0, 0.0, 0.0, 0.0, 1.0],
                [0.614926, 0.359699, 0.701771, 0.0, 0.004585, 0.888266, -0.459306, 0.4, -0.788571, 0.285657, 0.544569, -0.0, 0.0, 0.0, 0.0, 1.0],
                [0.614434, 0.241441, 0.751118, -0.0, 0.003078, 0.951284, -0.308301, 0.4, -0.788963, 0.191742, 0.583758, -0.0, 0.0, 0.0, 0.0, 1.0]
            ]
        },
        {
            "name": "Shoulder_R",
            "time": [0.0, 2.0],
            "transform": [
                [0.0, 0.952114, 0.305743, -0.0, 0.0, -0.305743, 0.952114, 0.4, 1.0, 0.0, -0.0, -0.0, 0.0, 0.0, 0.0, 1.0],
                [0.0, 0.952114, 0.305743, -0.0, 0.0, -0.305743, 0.952114, 0.4, 1.0, 0.0, -0.0, -0.0, 0.0, 0.0, 0.0, 1.0]
            ]
        },
        {
            "name": "Arm_R",
            "time": [0.0, 1.0, 2.0],
            "transform": [
                [-0.402955, -0.742673, -0.53485, 0.0, 0.657968, 0.171134, -0.733343, 0.39386, 0.636164, -0.647419, 0.419695, -0.0, 0.0, 0.0, 0.0, 1.0],
                [-0.407719, -0.617034, -0.673079, 0.0, 0.682347, 0.283941, -0.673632, 0.39386, 0.606768, -0.733926, 0.305263, -0.0, 0.0, 0.0, 0.0, 1.0],
                [-0.402955, -0.742673, -0.53485, 0.0, 0.657968, 0.171134, -0.733343, 0.39386, 0.636164, -0.647419, 0.419695, -0.0, 0.0, 0.0, 0.0, 1.0]
            ]
        },
        {
            "name": "Hand_R",
            "time": [0.0, 1.0, 2.0],
            "transform": [
                [1.0, -6e-06, 1.1e-05, 0.0, 6e-06, -0.529919, -0.848048, 0.300002, 1.1e-05, 0.848049, -0.529919, 0.0, 0.0, 0.0, 0.0, 1.0],
                [1.0, -5e-06, 1.1e-05, -0.0, 5e-06, -0.646632, -0.762802, 0.300003, 1.1e-05, 0.762803, -0.646631, 0.0, 0.0, 0.0, 0.0, 1.0],
                [1.0, -6e-06, 1.1e-05, 0.0, 6e-06, -0.529919, -0.848048, 0.300002, 1.1e-05, 0.848049, -0.529919, 0.0, 0.0, 0.0, 0.0, 1.0]
            ]
        },
        {
            "name": "Tool_R",
            "time": [0.0, 1.0, 2.0],
            "transform": [
                [0.724165, 0.521614, -0.451115, 0.0, -0.032726, -0.627414, -0.777999, 0.271711, -0.68885, 0.578162, -0.437281, -0.028915, 0.0, 0.0, 0.0, 1.0],
                [0.754865, 0.457147, -0.470315, -0.0, -0.101619, -0.626897, -0.772447, 0.271711, -0.647961, 0.630885, -0.426768, -0.028915, 0.0, 0.0, 0.0, 1.0],
                [0.724165, 0.521614, -0.451115, 0.0, -0.032726, -0.627414, -0.777999, 0.271711, -0.68885, 0.578162, -0.437281, -0.028915, 0.0, 0.0, 0.0, 1.0]
            ]
        },
        {
            "name": "Elbow_R",
            "time": [0.0, 2.0],
            "transform": [
                [-1.0, 0.0, 0.0, 0.0, 0.0, 0.003946, -0.999992, 0.447206, -0.0, -0.999992, -0.003946, -0.000671, 0.0, 0.0, 0.0, 1.0],
                [-1.0, 0.0, 0.0, 0.0, 0.0, 0.003946, -0.999992, 0.447206, -0.0, -0.999992, -0.003946, -0.000671, 0.0, 0.0, 0.0, 1.0]
            ]
        },
        {
            "name": "Shoulder_L",
            "time": [0.0, 2.0],
            "transform": [
                [-0.0, -0.952114, -0.305743, -0.0, 0.0, -0.305743, 0.952114, 0.4, -1.0, -0.0, 0.0, -0.0, 0.0, 0.0, 0.0, 1.0],
                [-0.0, -0.952114, -0.305743, -0.0, 0.0, -0.305743, 0.952114, 0.4, -1.0, -0.0, 0.0, -0.0, 0.0, 0.0, 0.0, 1.0]
            ]
        },
        {
            "name": "Arm_L",
            "time": [0.0, 1.0, 2.0],
            "transform": [
                [-0.393612, 0.895606, 0.207263, -0.0, -0.80231, -0.224625, -0.55303, 0.39386, -0.44874, -0.383968, 0.806969, 0.0, 0.0, 0.0, 0.0, 1.0],
                [-0.568994, 0.82229, 0.009241, -0.0, -0.747331, -0.51237, -0.423051, 0.39386, -0.343136, -0.24762, 0.906059, -0.0, 0.0, 0.0, 0.0, 1.0],
                [-0.393612, 0.895606, 0.207263, -0.0, -0.80231, -0.224625, -0.55303, 0.39386, -0.44874, -0.383968, 0.806969, 0.0, 0.0, 0.0, 0.0, 1.0]
            ]
        },
        {
            "name": "Hand_L",
            "time": [0.0, 1.0, 2.0],
            "transform": [
                [1.0, -4e-06, 3e-06, 0.0, 4e-06, 0.501768, -0.865003, 0.300003, 3e-06, 0.865002, 0.501768, -0.0, 0.0, 0.0, 0.0, 1.0],
                [1.0, 0.0, -0.0, -0.0, 0.0, 0.583838, -0.811871, 0.300003, -0.0, 0.81187, 0.583838, -0.0, 0.0, 0.0, 0.0, 1.0],
                [1.0, -4e-06, 3e-06, 0.0, 4e-06, 0.501768, -0.865003, 0.300003, 3e-06, 0.865002, 0.501768, -0.0, 0.0, 0.0, 0.0, 1.0]
            ]
        },
        {
            "name": "Tool_L",
            "time": [0.0, 1.0, 2.0],
            "transform": [
                [0.125319, -0.360234, 0.924406, 0.0, 0.116629, -0.919942, -0.374306, 0.271711, 0.985238, 0.15472, -0.073272, -0.028915, 0.0, 0.0, 0.0, 1.0],
                [0.125319, -0.360234, 0.924406, 0.0, 0.116629, -0.919942, -0.374306, 0.271711, 0.985238, 0.15472, -0.073272, -0.028915, 0.0, 0.0, 0.0, 1.0],
                [0.125319, -0.360234, 0.924406, 0.0, 0.116629, -0.919942, -0.374306, 0.271711, 0.985238, 0.15472, -0.073272, -0.028915, 0.0, 0.0, 0.0, 1.0]
            ]
        },
        {
            "name": "Elbow_L",
            "time": [0.0, 2.0],
            "transform": [
                [-1.0, 0.0, -0.0, 0.0, 0.0, 0.003946, -0.999992, 0.39714, -0.0, -0.999993, -0.003946, -0.000869, 0.0, 0.0, 0.0, 1.0],
                [-1.0, 0.0, -0.0, 0.0, 0.0, 0.003946, -0.999992, 0.39714, -0.0, -0.999993, -0.003946, -0.000869, 0.0, 0.0, 0.0, 1.0]
            ]
        },
        {
            "name": "IK-Thigh_R",
            "time": [0.0, 1.0, 2.0],
            "transform": [
                [1.0, -1.5e-05, 6e-06, 0.124994, -1.5e-05, -1.0, -0.000348, -0.00251, 6e-06, 0.000348, -1.0, 0.057555, 0.0, 0.0, 0.0, 1.0],
                [1.0, -1.5e-05, 6e-06, 0.124994, -1.5e-05, -1.0, -0.000348, -0.00251, 6e-06, 0.000348, -1.0, 0.057555, 0.0, 0.0, 0.0, 1.0],
                [1.0, -1.5e-05, 6e-06, 0.124994, -1.5e-05, -1.0, -0.000348, -0.00251, 6e-06, 0.000348, -1.0, 0.057555, 0.0, 0.0, 0.0, 1.0]
            ]
        },
        {
            "name": "IK-Leg_R",
            "time": [0.0, 2.0],
            "transform": [
                [1.0, 2.1e-05, 2.1e-05, -0.0, -2.2e-05, 0.020826, 0.999783, 0.374726, 2.1e-05, -0.999783, 0.020826, -0.0, 0.0, 0.0, 0.0, 1.0],
                [1.0, 2.1e-05, 2.1e-05, -0.0, -2.2e-05, 0.020826, 0.999783, 0.374726, 2.1e-05, -0.999783, 0.020826, -0.0, 0.0, 0.0, 0.0, 1.0]
            ]
        },
        {
            "name": "IK-Thigh_L",
            "time": [0.0, 1.0, 2.0],
            "transform": [
                [1.0, -1.3e-05, 4e-06, -0.125006, -8e-06, -0.271171, 0.962531, -0.002831, -1.2e-05, -0.962532, -0.271171, -0.070633, 0.0, 0.0, 0.0, 1.0],
                [1.0, -1.3e-05, 4e-06, -0.125006, -8e-06, -0.271171, 0.962531, -0.002831, -1.2e-05, -0.962532, -0.271171, -0.070633, 0.0, 0.0, 0.0, 1.0],
                [1.0, -1.3e-05, 4e-06, -0.125006, -8e-06, -0.271171, 0.962531, -0.002831, -1.2e-05, -0.962532, -0.271171, -0.070633, 0.0, 0.0, 0.0, 1.0]
            ]
        }
    ]
}