{
  "constructor": {
    "invocation_command": "(0.17#F,true#Z,musketmod:biped/kneel_banner#java.lang.String,epicfight:entity/biped#yesman.epicfight.api.model.Armature)#yesman.epicfight.api.animation.types.StaticAnimation"
  },
  "animation": [
    {
      "name": "Root",
      "time": [
        0.0,
        1.0,
        2.0
      ],
      "transform": [
        [
          1.0,
          0.0,
          0.0,
          -5e-06,
          0.0,
          0.0,
          -1.0,
          0.000946,
          0.0,
          1.0,
          0.0,
          0.486625,
          0.0,
          0.0,
          0.0,
          1.0
        ],
        [
          1.0,
          0.0,
          0.0,
          -5e-06,
          0.0,
          0.0,
          -1.0,
          0.000946,
          0.0,
          1.0,
          0.0,
          0.486625,
          0.0,
          0.0,
          0.0,
          1.0
        ],
        [
          1.0,
          0.0,
          0.0,
          -5e-06,
          0.0,
          0.0,
          -1.0,
          0.000946,
          0.0,
          1.0,
          0.0,
          0.486625,
          0.0,
          0.0,
          0.0,
          1.0
        ]
      ]
    },
    {
      "name": "Thigh_R",
      "time": [
        0.0,
        1.0,
        2.0
      ],
      "transform": [
        [
          1.0,
          -1.3e-05,
          4e-06,
          0.124994,
          -8e-06,
          -0.27708,
          0.960847,
          -0.002831,
          -1.1e-05,
          -0.960847,
          -0.27708,
          -1.2e-05,
          0.0,
          0.0,
          0.0,
          1.0
        ],
        [
          1.0,
          -1.3e-05,
          4e-06,
          0.124994,
          -8e-06,
          -0.27708,
          0.960847,
          -0.002831,
          -1.1e-05,
          -0.960847,
          -0.27708,
          -1.2e-05,
          0.0,
          0.0,
          0.0,
          1.0
        ],
        [
          1.0,
          -1.3e-05,
          4e-06,
          0.124994,
          -8e-06,
          -0.27708,
          0.960847,
          -0.002831,
          -1.1e-05,
          -0.960847,
          -0.27708,
          -1.2e-05,
          0.0,
          0.0,
          0.0,
          1.0
        ]
      ]
    },
    {
      "name": "Leg_R",
      "time": [
        0.0,
        1.0,
        2.0
      ],
      "transform": [
        [
          1.0,
          2e-05,
          1.6e-05,
          0.0,
          -2.1e-05,
          0.280017,
          0.959995,
          0.374726,
          1.5e-05,
          -0.959995,
          0.280017,
          -0.0,
          0.0,
          0.0,
          0.0,
          1.0
        ],
        [
          1.0,
          2e-05,
          1.6e-05,
          0.0,
          -2.1e-05,
          0.280017,
          0.959995,
          0.374726,
          1.5e-05,
          -0.959995,
          0.280017,
          -0.0,
          0.0,
          0.0,
          0.0,
          1.0
        ],
        [
          1.0,
          2e-05,
          1.6e-05,
          0.0,
          -2.1e-05,
          0.280017,
          0.959995,
          0.374726,
          1.5e-05,
          -0.959995,
          0.280017,
          -0.0,
          0.0,
          0.0,
          0.0,
          1.0
        ]
      ]
    },
    {
      "name": "Knee_R",
      "time": [
        0.0,
        2.0
      ],
      "transform": [
        [
          1.0,
          0.0,
          -0.0,
          0.0,
          -0.0,
          0.00567,
          -0.999984,
          0.453722,
          -0.0,
          0.999984,
          0.00567,
          -0.000448,
          0.0,
          0.0,
          0.0,
          1.0
        ],
        [
          1.0,
          0.0,
          -0.0,
          0.0,
          -0.0,
          0.00567,
          -0.999984,
          0.453722,
          -0.0,
          0.999984,
          0.00567,
          -0.000448,
          0.0,
          0.0,
          0.0,
          1.0
        ]
      ]
    },
    {
      "name": "Thigh_L",
      "time": [
        0.0,
        1.0,
        2.0
      ],
      "transform": [
        [
          1.0,
          -1.5e-05,
          6e-06,
          -0.125006,
          -1.5e-05,
          -0.999811,
          0.019434,
          -0.002831,
          6e-06,
          -0.019434,
          -0.999811,
          -1.2e-05,
          0.0,
          0.0,
          0.0,
          1.0
        ],
        [
          1.0,
          -1.5e-05,
          6e-06,
          -0.125006,
          -1.5e-05,
          -0.999811,
          0.019434,
          -0.002831,
          6e-06,
          -0.019434,
          -0.999811,
          -1.2e-05,
          0.0,
          0.0,
          0.0,
          1.0
        ],
        [
          1.0,
          -1.5e-05,
          6e-06,
          -0.125006,
          -1.5e-05,
          -0.999811,
          0.019434,
          -0.002831,
          6e-06,
          -0.019434,
          -0.999811,
          -1.2e-05,
          0.0,
          0.0,
          0.0,
          1.0
        ]
      ]
    },
    {
      "name": "Leg_L",
      "time": [
        0.0,
        1.0,
        2.0
      ],
      "transform": [
        [
          1.0,
          2.1e-05,
          2.2e-05,
          -0.0,
          -2.2e-05,
          -0.033988,
          0.999422,
          0.374726,
          2.2e-05,
          -0.999422,
          -0.033988,
          -0.0,
          0.0,
          0.0,
          0.0,
          1.0
        ],
        [
          1.0,
          2.1e-05,
          2.2e-05,
          -0.0,
          -2.2e-05,
          -0.033988,
          0.999422,
          0.374726,
          2.2e-05,
          -0.999422,
          -0.033988,
          -0.0,
          0.0,
          0.0,
          0.0,
          1.0
        ],
        [
          1.0,
          2.1e-05,
          2.2e-05,
          -0.0,
          -2.2e-05,
          -0.033988,
          0.999422,
          0.374726,
          2.2e-05,
          -0.999422,
          -0.033988,
          -0.0,
          0.0,
          0.0,
          0.0,
          1.0
        ]
      ]
    },
    {
      "name": "Knee_L",
      "time": [
        0.0,
        2.0
      ],
      "transform": [
        [
          1.0,
          0.0,
          -0.0,
          0.0,
          -0.0,
          0.00567,
          -0.999984,
          0.484724,
          -0.0,
          0.999984,
          0.00567,
          -0.000624,
          0.0,
          0.0,
          0.0,
          1.0
        ],
        [
          1.0,
          0.0,
          -0.0,
          0.0,
          -0.0,
          0.00567,
          -0.999984,
          0.484724,
          -0.0,
          0.999984,
          0.00567,
          -0.000624,
          0.0,
          0.0,
          0.0,
          1.0
        ]
      ]
    },
    {
      "name": "Torso",
      "time": [
        0.0,
        1.0,
        2.0
      ],
      "transform": [
        [
          1.0,
          0.0,
          0.0,
          0.0,
          0.0,
          1.0,
          0.0,
          0.05,
          0.0,
          0.0,
          1.0,
          0.0,
          0.0,
          0.0,
          0.0,
          1.0
        ],
        [
          1.0,
          0.0,
          0.0,
          0.0,
          0.0,
          1.0,
          0.0,
          0.05,
          0.0,
          0.0,
          1.0,
          0.0,
          0.0,
          0.0,
          0.0,
          1.0
        ],
        [
          1.0,
          0.0,
          0.0,
          0.0,
          0.0,
          1.0,
          0.0,
          0.05,
          0.0,
          0.0,
          1.0,
          0.0,
          0.0,
          0.0,
          0.0,
          1.0
        ]
      ]
    },
    {
      "name": "Chest",
      "time": [
        0.0,
        1.0,
        2.0
      ],
      "transform": [
        [
          1.0,
          0.0,
          -0.0,
          0.0,
          -0.0,
          0.998907,
          -0.046751,
          0.3,
          -0.0,
          0.046751,
          0.998907,
          0.0,
          0.0,
          0.0,
          0.0,
          1.0
        ],
        [
          1.0,
          0.0,
          -0.0,
          0.0,
          -0.0,
          0.998907,
          -0.046751,
          0.3,
          -0.0,
          0.046751,
          0.998907,
          0.0,
          0.0,
          0.0,
          0.0,
          1.0
        ],
        [
          1.0,
          0.0,
          -0.0,
          0.0,
          -0.0,
          0.998907,
          -0.046751,
          0.3,
          -0.0,
          0.046751,
          0.998907,
          0.0,
          0.0,
          0.0,
          0.0,
          1.0
        ]
      ]
    },
    {
      "name": "Head",
      "time": [
        0.0,
        1.0,
        2.0
      ],
      "transform": [
        [
          1.0,
          0.0,
          -0.0,
          -0.0,
          -0.0,
          0.999348,
          -0.036092,
          0.4,
          -0.0,
          0.036092,
          0.999348,
          0.0,
          0.0,
          0.0,
          0.0,
          1.0
        ],
        [
          1.0,
          0.0,
          -0.0,
          -0.0,
          -0.0,
          0.999348,
          -0.036092,
          0.4,
          -0.0,
          0.036092,
          0.999348,
          0.0,
          0.0,
          0.0,
          0.0,
          1.0
        ],
        [
          1.0,
          0.0,
          -0.0,
          -0.0,
          -0.0,
          0.999348,
          -0.036092,
          0.4,
          -0.0,
          0.036092,
          0.999348,
          0.0,
          0.0,
          0.0,
          0.0,
          1.0
        ]
      ]
    },
    {
      "name": "Shoulder_R",
      "time": [
        0.0,
        1.0,
        2.0
      ],
      "transform": [
        [
          0.0,
          0.952114,
          0.305743,
          -0.0,
          0.0,
          -0.305743,
          0.952114,
          0.4,
          1.0,
          0.0,
          -0.0,
          0.0,
          0.0,
          0.0,
          0.0,
          1.0
        ],
        [
          0.0,
          0.952114,
          0.305743,
          -0.0,
          0.0,
          -0.305743,
          0.952114,
          0.4,
          1.0,
          0.0,
          -0.0,
          0.0,
          0.0,
          0.0,
          0.0,
          1.0
        ],
        [
          0.0,
          0.952114,
          0.305743,
          -0.0,
          0.0,
          -0.305743,
          0.952114,
          0.4,
          1.0,
          0.0,
          -0.0,
          0.0,
          0.0,
          0.0,
          0.0,
          1.0
        ]
      ]
    },
    {
      "name": "Arm_R",
      "time": [
        0.0,
        1.0,
        2.0
      ],
      "transform": [
        [
          -0.539372,
          -0.814923,
          -0.21208,
          0.0,
          0.368001,
          -0.001586,
          -0.929824,
          0.393861,
          0.757398,
          -0.579567,
          0.300748,
          0.0,
          0.0,
          0.0,
          0.0,
          1.0
        ],
        [
          -0.440937,
          -0.889442,
          -0.120281,
          0.0,
          0.346036,
          -0.044814,
          -0.93715,
          0.393861,
          0.82815,
          -0.454846,
          0.327539,
          0.0,
          0.0,
          0.0,
          0.0,
          1.0
        ],
        [
          -0.539372,
          -0.814923,
          -0.21208,
          0.0,
          0.368001,
          -0.001586,
          -0.929824,
          0.393861,
          0.757398,
          -0.579567,
          0.300748,
          0.0,
          0.0,
          0.0,
          0.0,
          1.0
        ]
      ]
    },
    {
      "name": "Hand_R",
      "time": [
        0.0,
        1.0,
        2.0
      ],
      "transform": [
        [
          1.0,
          -3e-06,
          2e-06,
          -0.0,
          3e-06,
          0.573706,
          -0.819061,
          0.300003,
          1e-06,
          0.819062,
          0.573706,
          -0.0,
          0.0,
          0.0,
          0.0,
          1.0
        ],
        [
          1.0,
          -3e-06,
          2e-06,
          -0.0,
          3e-06,
          0.584444,
          -0.811434,
          0.300003,
          1e-06,
          0.811435,
          0.584444,
          -0.0,
          0.0,
          0.0,
          0.0,
          1.0
        ],
        [
          1.0,
          -3e-06,
          2e-06,
          -0.0,
          3e-06,
          0.573706,
          -0.819061,
          0.300003,
          1e-06,
          0.819062,
          0.573706,
          -0.0,
          0.0,
          0.0,
          0.0,
          1.0
        ]
      ]
    },
    {
      "name": "Tool_R",
      "time": [
        0.0,
        1.0,
        2.0
      ],
      "transform": [
        [
          0.550105,
          -0.48674,
          -0.678579,
          0.062863,
          -0.789006,
          -0.569154,
          -0.231374,
          0.358053,
          -0.273597,
          0.662682,
          -0.697136,
          -0.053609,
          0.0,
          0.0,
          0.0,
          1.0
        ],
        [
          0.556759,
          -0.384862,
          -0.736139,
          0.062863,
          -0.786539,
          -0.529268,
          -0.318171,
          0.358053,
          -0.267163,
          0.756146,
          -0.597384,
          -0.053609,
          0.0,
          0.0,
          0.0,
          1.0
        ],
        [
          0.550105,
          -0.48674,
          -0.678579,
          0.062863,
          -0.789006,
          -0.569154,
          -0.231374,
          0.358053,
          -0.273597,
          0.662682,
          -0.697136,
          -0.053609,
          0.0,
          0.0,
          0.0,
          1.0
        ]
      ]
    },
    {
      "name": "Elbow_R",
      "time": [
        0.0,
        2.0
      ],
      "transform": [
        [
          -1.0,
          0.0,
          -0.0,
          -0.0,
          0.0,
          0.003946,
          -0.999992,
          0.389139,
          -0.0,
          -0.999992,
          -0.003946,
          -0.000901,
          0.0,
          0.0,
          0.0,
          1.0
        ],
        [
          -1.0,
          0.0,
          -0.0,
          -0.0,
          0.0,
          0.003946,
          -0.999992,
          0.389139,
          -0.0,
          -0.999992,
          -0.003946,
          -0.000901,
          0.0,
          0.0,
          0.0,
          1.0
        ]
      ]
    },
    {
      "name": "Shoulder_L",
      "time": [
        0.0,
        1.0,
        2.0
      ],
      "transform": [
        [
          -0.0,
          -0.952114,
          -0.305743,
          -0.0,
          0.0,
          -0.305743,
          0.952114,
          0.4,
          -1.0,
          0.0,
          0.0,
          0.0,
          0.0,
          0.0,
          0.0,
          1.0
        ],
        [
          -0.0,
          -0.952114,
          -0.305743,
          -0.0,
          0.0,
          -0.305743,
          0.952114,
          0.4,
          -1.0,
          0.0,
          0.0,
          0.0,
          0.0,
          0.0,
          0.0,
          1.0
        ],
        [
          -0.0,
          -0.952114,
          -0.305743,
          -0.0,
          0.0,
          -0.305743,
          0.952114,
          0.4,
          -1.0,
          0.0,
          0.0,
          0.0,
          0.0,
          0.0,
          0.0,
          1.0
        ]
      ]
    },
    {
      "name": "Arm_L",
      "time": [
        0.0,
        1.0,
        2.0
      ],
      "transform": [
        [
          -0.308176,
          0.74578,
          -0.590626,
          -0.0,
          -0.289986,
          -0.664938,
          -0.688306,
          0.39386,
          -0.906055,
          -0.040847,
          0.421184,
          -0.0,
          0.0,
          0.0,
          0.0,
          1.0
        ],
        [
          -0.310457,
          0.640669,
          -0.702253,
          -0.0,
          -0.601608,
          -0.704406,
          -0.37667,
          0.39386,
          -0.735992,
          0.305541,
          0.60412,
          -0.0,
          0.0,
          0.0,
          0.0,
          1.0
        ],
        [
          -0.308176,
          0.74578,
          -0.590626,
          -0.0,
          -0.289986,
          -0.664938,
          -0.688306,
          0.39386,
          -0.906055,
          -0.040847,
          0.421184,
          -0.0,
          0.0,
          0.0,
          0.0,
          1.0
        ]
      ]
    },
    {
      "name": "Hand_L",
      "time": [
        0.0,
        1.0,
        2.0
      ],
      "transform": [
        [
          1.0,
          0.0,
          0.0,
          0.0,
          0.0,
          1.0,
          -0.001008,
          0.300003,
          -0.0,
          0.001008,
          1.0,
          -0.0,
          0.0,
          0.0,
          0.0,
          1.0
        ],
        [
          1.0,
          -0.0,
          0.0,
          0.0,
          0.0,
          1.0,
          -0.001012,
          0.300003,
          -0.0,
          0.001012,
          1.0,
          0.0,
          0.0,
          0.0,
          0.0,
          1.0
        ],
        [
          1.0,
          0.0,
          0.0,
          0.0,
          0.0,
          1.0,
          -0.001008,
          0.300003,
          -0.0,
          0.001008,
          1.0,
          -0.0,
          0.0,
          0.0,
          0.0,
          1.0
        ]
      ]
    },
    {
      "name": "Tool_L",
      "time": [
        0.0,
        2.0
      ],
      "transform": [
        [
          1.0,
          0.0,
          0.0,
          -0.0,
          0.0,
          -0.999559,
          -0.029689,
          0.271711,
          0.0,
          0.029689,
          -0.999559,
          -0.028915,
          0.0,
          0.0,
          0.0,
          1.0
        ],
        [
          1.0,
          0.0,
          0.0,
          -0.0,
          0.0,
          -0.999559,
          -0.029689,
          0.271711,
          0.0,
          0.029689,
          -0.999559,
          -0.028915,
          0.0,
          0.0,
          0.0,
          1.0
        ]
      ]
    },
    {
      "name": "Elbow_L",
      "time": [
        0.0,
        2.0
      ],
      "transform": [
        [
          -1.0,
          0.0,
          -0.0,
          -0.0,
          0.0,
          0.003946,
          -0.999992,
          0.300007,
          -0.0,
          -0.999993,
          -0.003946,
          -0.001252,
          0.0,
          0.0,
          0.0,
          1.0
        ],
        [
          -1.0,
          0.0,
          -0.0,
          -0.0,
          0.0,
          0.003946,
          -0.999992,
          0.300007,
          -0.0,
          -0.999993,
          -0.003946,
          -0.001252,
          0.0,
          0.0,
          0.0,
          1.0
        ]
      ]
    },
    {
      "name": "IK-Thigh_R",
      "time": [
        0.0,
        1.0,
        2.0
      ],
      "transform": [
        [
          1.0,
          -1.3e-05,
          4e-06,
          0.124994,
          -8e-06,
          -0.27708,
          0.960847,
          -0.002831,
          -1.1e-05,
          -0.960847,
          -0.27708,
          -1.2e-05,
          0.0,
          0.0,
          0.0,
          1.0
        ],
        [
          1.0,
          -1.3e-05,
          4e-06,
          0.124994,
          -8e-06,
          -0.27708,
          0.960847,
          -0.002831,
          -1.1e-05,
          -0.960847,
          -0.27708,
          -1.2e-05,
          0.0,
          0.0,
          0.0,
          1.0
        ],
        [
          1.0,
          -1.3e-05,
          4e-06,
          0.124994,
          -8e-06,
          -0.27708,
          0.960847,
          -0.002831,
          -1.1e-05,
          -0.960847,
          -0.27708,
          -1.2e-05,
          0.0,
          0.0,
          0.0,
          1.0
        ]
      ]
    },
    {
      "name": "IK-Leg_R",
      "time": [
        0.0,
        2.0
      ],
      "transform": [
        [
          1.0,
          2e-05,
          1.6e-05,
          0.0,
          -2.1e-05,
          0.280017,
          0.959995,
          0.374726,
          1.5e-05,
          -0.959995,
          0.280017,
          -0.0,
          0.0,
          0.0,
          0.0,
          1.0
        ],
        [
          1.0,
          2e-05,
          1.6e-05,
          0.0,
          -2.1e-05,
          0.280017,
          0.959995,
          0.374726,
          1.5e-05,
          -0.959995,
          0.280017,
          -0.0,
          0.0,
          0.0,
          0.0,
          1.0
        ]
      ]
    },
    {
      "name": "IK-Thigh_L",
      "time": [
        0.0,
        1.0,
        2.0
      ],
      "transform": [
        [
          1.0,
          -1.5e-05,
          6e-06,
          -0.125006,
          -1.5e-05,
          -0.999811,
          0.019434,
          -0.002831,
          6e-06,
          -0.019434,
          -0.999811,
          -1.2e-05,
          0.0,
          0.0,
          0.0,
          1.0
        ],
        [
          1.0,
          -1.5e-05,
          6e-06,
          -0.125006,
          -1.5e-05,
          -0.999811,
          0.019434,
          -0.002831,
          6e-06,
          -0.019434,
          -0.999811,
          -1.2e-05,
          0.0,
          0.0,
          0.0,
          1.0
        ],
        [
          1.0,
          -1.5e-05,
          6e-06,
          -0.125006,
          -1.5e-05,
          -0.999811,
          0.019434,
          -0.002831,
          6e-06,
          -0.019434,
          -0.999811,
          -1.2e-05,
          0.0,
          0.0,
          0.0,
          1.0
        ]
      ]
    }
  ]
}