{
  "constructor": {
    "invocation_command": "(0.17#F,true#Z,epic_fight_musket_compat:biped/living/run_musket#java.lang.String,epicfight:entity/biped#yesman.epicfight.api.model.Armature)#yesman.epicfight.api.animation.types.MovementAnimation"
  },
  "animation": [
    {
      "name": "Root",
      "time": [
        0.0,
        0.1667,
        0.3333,
        0.5,
        0.6667
      ],
      "transform": [
        [
          1.0,
          0.0,
          0.0,
          -5e-06,
          0.0,
          0.0,
          -1.0,
          -0.004618,
          0.0,
          1.0,
          0.0,
          0.69164,
          0.0,
          0.0,
          0.0,
          1.0
        ],
        [
          1.0,
          0.0,
          0.0,
          -5e-06,
          0.0,
          0.0,
          -1.0,
          -0.004618,
          0.0,
          1.0,
          0.0,
          0.71946,
          0.0,
          0.0,
          0.0,
          1.0
        ],
        [
          1.0,
          0.0,
          0.0,
          -5e-06,
          0.0,
          0.0,
          -1.0,
          -0.004618,
          0.0,
          1.0,
          0.0,
          0.69164,
          0.0,
          0.0,
          0.0,
          1.0
        ],
        [
          1.0,
          0.0,
          0.0,
          -5e-06,
          0.0,
          0.0,
          -1.0,
          0.000946,
          0.0,
          1.0,
          0.0,
          0.752844,
          0.0,
          0.0,
          0.0,
          1.0
        ],
        [
          1.0,
          0.0,
          0.0,
          -5e-06,
          0.0,
          0.0,
          -1.0,
          -0.004618,
          0.0,
          1.0,
          0.0,
          0.69164,
          0.0,
          0.0,
          0.0,
          1.0
        ]
      ]
    },
    {
      "name": "Thigh_R",
      "time": [
        0.0,
        0.1667,
        0.3333,
        0.5,
        0.6667
      ],
      "transform": [
        [
          1.0,
          -5e-06,
          1e-06,
          0.124994,
          -5e-06,
          -0.986158,
          -0.165807,
          -0.00251,
          1e-06,
          0.165807,
          -0.986158,
          0.057555,
          0.0,
          0.0,
          0.0,
          1.0
        ],
        [
          1.0,
          -1.8e-05,
          1e-05,
          0.124994,
          -1.9e-05,
          -0.668884,
          0.743367,
          -0.002379,
          -7e-06,
          -0.743368,
          -0.668883,
          0.026954,
          0.0,
          0.0,
          0.0,
          1.0
        ],
        [
          1.0,
          -5e-06,
          0.0,
          0.124994,
          -4e-06,
          -0.791484,
          0.61119,
          -0.00251,
          -3e-06,
          -0.61119,
          -0.791484,
          -0.003649,
          0.0,
          0.0,
          0.0,
          1.0
        ],
        [
          1.0,
          -0.0,
          -0.0,
          0.124994,
          -0.0,
          -0.99957,
          0.029333,
          -0.010986,
          -0.0,
          -0.029333,
          -0.99957,
          0.026952,
          0.0,
          0.0,
          0.0,
          1.0
        ],
        [
          1.0,
          -5e-06,
          1e-06,
          0.124994,
          -5e-06,
          -0.986158,
          -0.165807,
          -0.00251,
          1e-06,
          0.165807,
          -0.986158,
          0.057555,
          0.0,
          0.0,
          0.0,
          1.0
        ]
      ]
    },
    {
      "name": "Leg_R",
      "time": [
        0.0,
        0.1667,
        0.3333,
        0.5,
        0.6667
      ],
      "transform": [
        [
          1.0,
          1e-05,
          3e-06,
          -0.0,
          -1e-05,
          0.881477,
          0.472227,
          0.374726,
          2e-06,
          -0.472227,
          0.881477,
          0.0,
          0.0,
          0.0,
          0.0,
          1.0
        ],
        [
          1.0,
          1.9e-05,
          3e-05,
          -0.0,
          -2e-05,
          -0.387579,
          0.921836,
          0.374726,
          2.9e-05,
          -0.921837,
          -0.387579,
          0.0,
          0.0,
          0.0,
          0.0,
          1.0
        ],
        [
          1.0,
          1e-05,
          3e-06,
          -0.0,
          -1e-05,
          0.883696,
          0.468062,
          0.374726,
          2e-06,
          -0.468062,
          0.883696,
          0.0,
          0.0,
          0.0,
          0.0,
          1.0
        ],
        [
          1.0,
          0.0,
          1e-06,
          -0.0,
          -0.0,
          0.999999,
          0.001464,
          0.374726,
          -1e-06,
          -0.001464,
          0.999999,
          0.0,
          0.0,
          0.0,
          0.0,
          1.0
        ],
        [
          1.0,
          1e-05,
          3e-06,
          -0.0,
          -1e-05,
          0.881477,
          0.472227,
          0.374726,
          2e-06,
          -0.472227,
          0.881477,
          0.0,
          0.0,
          0.0,
          0.0,
          1.0
        ]
      ]
    },
    {
      "name": "Knee_R",
      "time": [
        0.0,
        0.6667
      ],
      "transform": [
        [
          1.0,
          0.0,
          -0.0,
          -0.0,
          -0.0,
          0.00567,
          -0.999984,
          0.374726,
          -0.0,
          0.999984,
          0.00567,
          0.0,
          0.0,
          0.0,
          0.0,
          1.0
        ],
        [
          1.0,
          0.0,
          -0.0,
          -0.0,
          -0.0,
          0.00567,
          -0.999984,
          0.374726,
          -0.0,
          0.999984,
          0.00567,
          0.0,
          0.0,
          0.0,
          0.0,
          1.0
        ]
      ]
    },
    {
      "name": "Thigh_L",
      "time": [
        0.0,
        0.1667,
        0.3333,
        0.5,
        0.6667
      ],
      "transform": [
        [
          1.0,
          -8e-06,
          1e-06,
          -0.125006,
          -7e-06,
          -0.761073,
          0.648667,
          -0.002831,
          -4e-06,
          -0.648667,
          -0.761073,
          -0.070633,
          0.0,
          0.0,
          0.0,
          1.0
        ],
        [
          1.0,
          -6e-06,
          1e-06,
          -0.125006,
          -6e-06,
          -0.963006,
          0.269481,
          -0.005613,
          -1e-06,
          -0.269481,
          -0.963006,
          -0.026121,
          0.0,
          0.0,
          0.0,
          1.0
        ],
        [
          1.0,
          -1e-05,
          3e-06,
          -0.125006,
          -1.1e-05,
          -0.99903,
          0.044047,
          -0.008395,
          2e-06,
          -0.044046,
          -0.99903,
          0.018391,
          0.0,
          0.0,
          0.0,
          1.0
        ],
        [
          1.0,
          -1.9e-05,
          1.1e-05,
          -0.125006,
          -2e-05,
          -0.627382,
          0.778712,
          -0.008395,
          -7e-06,
          -0.778712,
          -0.627382,
          0.018391,
          0.0,
          0.0,
          0.0,
          1.0
        ],
        [
          1.0,
          -8e-06,
          1e-06,
          -0.125006,
          -7e-06,
          -0.761073,
          0.648667,
          -0.002831,
          -4e-06,
          -0.648667,
          -0.761073,
          -0.070633,
          0.0,
          0.0,
          0.0,
          1.0
        ]
      ]
    },
    {
      "name": "Leg_L",
      "time": [
        0.0,
        0.1667,
        0.3333,
        0.5,
        0.6667
      ],
      "transform": [
        [
          1.0,
          1.4e-05,
          6e-06,
          -0.0,
          -1.5e-05,
          0.743274,
          0.668987,
          0.374726,
          5e-06,
          -0.668988,
          0.743274,
          0.0,
          0.0,
          0.0,
          0.0,
          1.0
        ],
        [
          1.0,
          1.1e-05,
          4e-06,
          -0.0,
          -1.2e-05,
          0.837262,
          0.546802,
          0.374726,
          3e-06,
          -0.546802,
          0.837262,
          -0.0,
          0.0,
          0.0,
          0.0,
          1.0
        ],
        [
          1.0,
          1.8e-05,
          1.1e-05,
          -0.0,
          -1.9e-05,
          0.516963,
          0.856008,
          0.374726,
          1e-05,
          -0.856008,
          0.516963,
          0.0,
          0.0,
          0.0,
          0.0,
          1.0
        ],
        [
          1.0,
          1.8e-05,
          3.3e-05,
          -0.0,
          -1.8e-05,
          -0.546041,
          0.837759,
          0.374726,
          3.3e-05,
          -0.837759,
          -0.546041,
          0.0,
          0.0,
          0.0,
          0.0,
          1.0
        ],
        [
          1.0,
          1.4e-05,
          6e-06,
          -0.0,
          -1.5e-05,
          0.743274,
          0.668987,
          0.374726,
          5e-06,
          -0.668988,
          0.743274,
          0.0,
          0.0,
          0.0,
          0.0,
          1.0
        ]
      ]
    },
    {
      "name": "Knee_L",
      "time": [
        0.0,
        0.6667
      ],
      "transform": [
        [
          1.0,
          0.0,
          -0.0,
          0.0,
          -0.0,
          0.00567,
          -0.999984,
          0.395515,
          -0.0,
          0.999984,
          0.00567,
          -0.000118,
          0.0,
          0.0,
          0.0,
          1.0
        ],
        [
          1.0,
          0.0,
          -0.0,
          0.0,
          -0.0,
          0.00567,
          -0.999984,
          0.395515,
          -0.0,
          0.999984,
          0.00567,
          -0.000118,
          0.0,
          0.0,
          0.0,
          1.0
        ]
      ]
    },
    {
      "name": "Torso",
      "time": [
        0.0,
        0.1667,
        0.3333,
        0.5,
        0.6667
      ],
      "transform": [
        [
          0.972875,
          0.0,
          -0.231332,
          0.0,
          0.0,
          1.0,
          0.0,
          0.05,
          0.231332,
          0.0,
          0.972875,
          0.0,
          0.0,
          0.0,
          0.0,
          1.0
        ],
        [
          0.997889,
          0.0,
          -0.064944,
          0.0,
          0.0,
          1.0,
          0.0,
          0.05,
          0.064944,
          0.0,
          0.997889,
          0.0,
          0.0,
          0.0,
          0.0,
          1.0
        ],
        [
          0.994652,
          0.0,
          0.103282,
          0.0,
          0.0,
          1.0,
          0.0,
          0.05,
          -0.103282,
          0.0,
          0.994652,
          0.0,
          0.0,
          0.0,
          0.0,
          1.0
        ],
        [
          0.997889,
          0.0,
          -0.064944,
          0.0,
          0.0,
          1.0,
          0.0,
          0.05,
          0.064944,
          0.0,
          0.997889,
          0.0,
          0.0,
          0.0,
          0.0,
          1.0
        ],
        [
          0.972875,
          0.0,
          -0.231332,
          0.0,
          0.0,
          1.0,
          0.0,
          0.05,
          0.231332,
          0.0,
          0.972875,
          0.0,
          0.0,
          0.0,
          0.0,
          1.0
        ]
      ]
    },
    {
      "name": "Chest",
      "time": [
        0.0,
        0.1667,
        0.3333,
        0.5,
        0.6667
      ],
      "transform": [
        [
          0.786187,
          0.0,
          -0.617989,
          -0.0,
          0.0,
          1.0,
          0.0,
          0.3,
          0.617989,
          0.0,
          0.786187,
          0.0,
          0.0,
          0.0,
          0.0,
          1.0
        ],
        [
          0.965799,
          0.0,
          -0.259291,
          0.0,
          0.0,
          1.0,
          0.0,
          0.3,
          0.259291,
          0.0,
          0.965799,
          0.0,
          0.0,
          0.0,
          0.0,
          1.0
        ],
        [
          0.989991,
          0.0,
          0.141132,
          -0.0,
          0.0,
          1.0,
          0.0,
          0.3,
          -0.141132,
          0.0,
          0.989991,
          -0.0,
          0.0,
          0.0,
          0.0,
          1.0
        ],
        [
          0.965799,
          0.0,
          -0.259292,
          0.0,
          0.0,
          1.0,
          0.0,
          0.3,
          0.259292,
          0.0,
          0.965799,
          0.0,
          0.0,
          0.0,
          0.0,
          1.0
        ],
        [
          0.786187,
          0.0,
          -0.617989,
          -0.0,
          0.0,
          1.0,
          0.0,
          0.3,
          0.617989,
          0.0,
          0.786187,
          0.0,
          0.0,
          0.0,
          0.0,
          1.0
        ]
      ]
    },
    {
      "name": "Head",
      "time": [
        0.0,
        0.1667,
        0.3333,
        0.5,
        0.6667
      ],
      "transform": [
        [
          0.614053,
          0.0,
          0.789265,
          0.0,
          0.0,
          1.0,
          0.0,
          0.4,
          -0.789265,
          0.0,
          0.614053,
          -0.0,
          0.0,
          0.0,
          0.0,
          1.0
        ],
        [
          0.949349,
          0.0,
          0.314224,
          0.0,
          0.0,
          1.0,
          0.0,
          0.4,
          -0.314224,
          0.0,
          0.949349,
          -0.0,
          0.0,
          0.0,
          0.0,
          1.0
        ],
        [
          0.963682,
          0.0,
          -0.267052,
          -0.0,
          0.0,
          1.0,
          0.0,
          0.4,
          0.267052,
          0.0,
          0.963682,
          -0.0,
          0.0,
          0.0,
          0.0,
          1.0
        ],
        [
          0.949349,
          0.0,
          0.314224,
          -0.0,
          0.0,
          1.0,
          0.0,
          0.4,
          -0.314224,
          0.0,
          0.949349,
          0.0,
          0.0,
          0.0,
          0.0,
          1.0
        ],
        [
          0.614053,
          0.0,
          0.789265,
          0.0,
          0.0,
          1.0,
          0.0,
          0.4,
          -0.789265,
          0.0,
          0.614053,
          -0.0,
          0.0,
          0.0,
          0.0,
          1.0
        ]
      ]
    },
    {
      "name": "Shoulder_R",
      "time": [
        0.0,
        0.6667
      ],
      "transform": [
        [
          0.0,
          0.952114,
          0.305743,
          0.0,
          0.0,
          -0.305743,
          0.952114,
          0.4,
          1.0,
          0.0,
          -0.0,
          -0.0,
          0.0,
          0.0,
          0.0,
          1.0
        ],
        [
          0.0,
          0.952114,
          0.305743,
          0.0,
          0.0,
          -0.305743,
          0.952114,
          0.4,
          1.0,
          0.0,
          -0.0,
          -0.0,
          0.0,
          0.0,
          0.0,
          1.0
        ]
      ]
    },
    {
      "name": "Arm_R",
      "time": [
        0.0,
        0.1667,
        0.3333,
        0.5,
        0.6667
      ],
      "transform": [
        [
          -0.548373,
          -0.805061,
          -0.226196,
          0.0,
          0.65464,
          -0.244981,
          -0.715144,
          0.39386,
          0.52032,
          -0.540243,
          0.661366,
          0.0,
          0.0,
          0.0,
          0.0,
          1.0
        ],
        [
          -0.506713,
          -0.810816,
          -0.292951,
          0.0,
          0.743712,
          -0.239241,
          -0.624225,
          0.393861,
          0.436046,
          -0.534174,
          0.724239,
          -0.0,
          0.0,
          0.0,
          0.0,
          1.0
        ],
        [
          -0.32352,
          -0.84453,
          -0.426737,
          0.0,
          0.916607,
          -0.167767,
          -0.362885,
          0.393861,
          0.234875,
          -0.508551,
          0.828378,
          0.0,
          0.0,
          0.0,
          0.0,
          1.0
        ],
        [
          -0.506713,
          -0.810816,
          -0.292951,
          0.0,
          0.743712,
          -0.239241,
          -0.624226,
          0.39386,
          0.436046,
          -0.534174,
          0.724239,
          -0.0,
          0.0,
          0.0,
          0.0,
          1.0
        ],
        [
          -0.548373,
          -0.805061,
          -0.226196,
          0.0,
          0.65464,
          -0.244981,
          -0.715144,
          0.39386,
          0.52032,
          -0.540243,
          0.661366,
          0.0,
          0.0,
          0.0,
          0.0,
          1.0
        ]
      ]
    },
    {
      "name": "Hand_R",
      "time": [
        0.0,
        0.1667,
        0.3333,
        0.5,
        0.6667
      ],
      "transform": [
        [
          1.0,
          -4e-06,
          3e-06,
          -0.0,
          4e-06,
          0.189025,
          -0.981973,
          0.300003,
          3e-06,
          0.981973,
          0.189025,
          -0.0,
          0.0,
          0.0,
          0.0,
          1.0
        ],
        [
          1.0,
          -4e-06,
          4e-06,
          0.0,
          4e-06,
          0.04682,
          -0.998903,
          0.300002,
          3e-06,
          0.998904,
          0.04682,
          0.0,
          0.0,
          0.0,
          0.0,
          1.0
        ],
        [
          1.0,
          -4e-06,
          4e-06,
          0.0,
          4e-06,
          -0.206998,
          -0.978342,
          0.300002,
          4e-06,
          0.978342,
          -0.206998,
          0.0,
          0.0,
          0.0,
          0.0,
          1.0
        ],
        [
          1.0,
          -4e-06,
          3e-06,
          -0.0,
          4e-06,
          0.046821,
          -0.998903,
          0.300003,
          3e-06,
          0.998904,
          0.046821,
          0.0,
          0.0,
          0.0,
          0.0,
          1.0
        ],
        [
          1.0,
          -4e-06,
          3e-06,
          -0.0,
          4e-06,
          0.189025,
          -0.981973,
          0.300003,
          3e-06,
          0.981973,
          0.189025,
          -0.0,
          0.0,
          0.0,
          0.0,
          1.0
        ]
      ]
    },
    {
      "name": "Tool_R",
      "time": [
        0.0,
        0.1667,
        0.3333,
        0.5,
        0.6667
      ],
      "transform": [
        [
          0.932253,
          0.233399,
          -0.276459,
          -0.0,
          -0.099514,
          -0.569224,
          -0.816138,
          0.271711,
          -0.347853,
          0.788359,
          -0.507435,
          -0.028915,
          0.0,
          0.0,
          0.0,
          1.0
        ],
        [
          0.95246,
          0.286873,
          -0.102583,
          -0.0,
          0.02626,
          -0.412757,
          -0.910463,
          0.271711,
          -0.303529,
          0.864486,
          -0.400668,
          -0.028915,
          0.0,
          0.0,
          0.0,
          1.0
        ],
        [
          0.948046,
          0.308128,
          0.079157,
          0.0,
          0.158223,
          -0.240818,
          -0.957587,
          0.271711,
          -0.275997,
          0.920361,
          -0.27706,
          -0.028915,
          0.0,
          0.0,
          0.0,
          1.0
        ],
        [
          0.95246,
          0.286873,
          -0.102583,
          -0.0,
          0.02626,
          -0.412757,
          -0.910463,
          0.271711,
          -0.303529,
          0.864486,
          -0.400668,
          -0.028915,
          0.0,
          0.0,
          0.0,
          1.0
        ],
        [
          0.932253,
          0.233399,
          -0.276459,
          -0.0,
          -0.099514,
          -0.569224,
          -0.816138,
          0.271711,
          -0.347853,
          0.788359,
          -0.507435,
          -0.028915,
          0.0,
          0.0,
          0.0,
          1.0
        ]
      ]
    },
    {
      "name": "Elbow_R",
      "time": [
        0.0,
        0.6667
      ],
      "transform": [
        [
          -1.0,
          0.0,
          -0.0,
          0.0,
          0.0,
          0.003946,
          -0.999992,
          0.428577,
          -0.0,
          -0.999992,
          -0.003946,
          -0.000745,
          0.0,
          0.0,
          0.0,
          1.0
        ],
        [
          -1.0,
          0.0,
          -0.0,
          0.0,
          0.0,
          0.003946,
          -0.999992,
          0.428577,
          -0.0,
          -0.999992,
          -0.003946,
          -0.000745,
          0.0,
          0.0,
          0.0,
          1.0
        ]
      ]
    },
    {
      "name": "Shoulder_L",
      "time": [
        0.0,
        0.6667
      ],
      "transform": [
        [
          0.0,
          -0.952114,
          -0.305743,
          0.0,
          0.0,
          -0.305743,
          0.952114,
          0.4,
          -1.0,
          0.0,
          0.0,
          -0.0,
          0.0,
          0.0,
          0.0,
          1.0
        ],
        [
          0.0,
          -0.952114,
          -0.305743,
          0.0,
          0.0,
          -0.305743,
          0.952114,
          0.4,
          -1.0,
          0.0,
          0.0,
          -0.0,
          0.0,
          0.0,
          0.0,
          1.0
        ]
      ]
    },
    {
      "name": "Arm_L",
      "time": [
        0.0,
        0.1667,
        0.3333,
        0.5,
        0.6667
      ],
      "transform": [
        [
          -0.277957,
          0.830708,
          0.482351,
          0.0,
          -0.87782,
          -0.015745,
          -0.478732,
          0.39386,
          -0.390092,
          -0.556484,
          0.733589,
          -0.0,
          0.0,
          0.0,
          0.0,
          1.0
        ],
        [
          -0.233491,
          0.938832,
          0.25313,
          -0.0,
          -0.523092,
          0.098169,
          -0.846603,
          0.39386,
          -0.819669,
          -0.330085,
          0.468174,
          0.0,
          0.0,
          0.0,
          0.0,
          1.0
        ],
        [
          -0.120785,
          0.905429,
          -0.40695,
          0.0,
          -0.472314,
          -0.412993,
          -0.778688,
          0.39386,
          -0.873115,
          0.098155,
          0.477531,
          -0.0,
          0.0,
          0.0,
          0.0,
          1.0
        ],
        [
          -0.233491,
          0.938832,
          0.25313,
          -0.0,
          -0.523092,
          0.098169,
          -0.846603,
          0.39386,
          -0.819669,
          -0.330085,
          0.468174,
          0.0,
          0.0,
          0.0,
          0.0,
          1.0
        ],
        [
          -0.277957,
          0.830708,
          0.482351,
          0.0,
          -0.87782,
          -0.015745,
          -0.478732,
          0.39386,
          -0.390092,
          -0.556484,
          0.733589,
          -0.0,
          0.0,
          0.0,
          0.0,
          1.0
        ]
      ]
    },
    {
      "name": "Hand_L",
      "time": [
        0.0,
        0.1667,
        0.3333,
        0.5,
        0.6667
      ],
      "transform": [
        [
          1.0,
          -0.0,
          0.0,
          0.0,
          0.0,
          0.679282,
          -0.733878,
          0.300002,
          0.0,
          0.733877,
          0.679281,
          -0.0,
          0.0,
          0.0,
          0.0,
          1.0
        ],
        [
          1.0,
          -0.0,
          0.0,
          -0.0,
          0.0,
          0.475174,
          -0.879892,
          0.300003,
          0.0,
          0.879892,
          0.475174,
          0.0,
          0.0,
          0.0,
          0.0,
          1.0
        ],
        [
          1.0,
          -0.0,
          0.0,
          0.0,
          0.0,
          1.0,
          -0.000992,
          0.300003,
          0.0,
          0.000992,
          1.0,
          0.0,
          0.0,
          0.0,
          0.0,
          1.0
        ],
        [
          1.0,
          -0.0,
          0.0,
          0.0,
          0.0,
          0.475174,
          -0.879892,
          0.300003,
          0.0,
          0.879892,
          0.475174,
          -0.0,
          0.0,
          0.0,
          0.0,
          1.0
        ],
        [
          1.0,
          -0.0,
          0.0,
          0.0,
          0.0,
          0.679282,
          -0.733878,
          0.300002,
          0.0,
          0.733877,
          0.679281,
          -0.0,
          0.0,
          0.0,
          0.0,
          1.0
        ]
      ]
    },
    {
      "name": "Tool_L",
      "time": [
        0.0,
        0.1667,
        0.3333,
        0.5,
        0.6667
      ],
      "transform": [
        [
          0.125319,
          -0.360234,
          0.924406,
          0.0,
          0.116629,
          -0.919942,
          -0.374306,
          0.271711,
          0.985238,
          0.15472,
          -0.073272,
          -0.028915,
          0.0,
          0.0,
          0.0,
          1.0
        ],
        [
          0.125319,
          -0.360234,
          0.924406,
          0.0,
          0.116629,
          -0.919942,
          -0.374306,
          0.271711,
          0.985238,
          0.15472,
          -0.073272,
          -0.028915,
          0.0,
          0.0,
          0.0,
          1.0
        ],
        [
          0.125319,
          -0.360234,
          0.924406,
          -0.0,
          0.116629,
          -0.919942,
          -0.374306,
          0.271711,
          0.985238,
          0.15472,
          -0.073272,
          -0.028915,
          0.0,
          0.0,
          0.0,
          1.0
        ],
        [
          0.125319,
          -0.360234,
          0.924406,
          0.0,
          0.116629,
          -0.919942,
          -0.374306,
          0.271711,
          0.985238,
          0.15472,
          -0.073272,
          -0.028915,
          0.0,
          0.0,
          0.0,
          1.0
        ],
        [
          0.125319,
          -0.360234,
          0.924406,
          0.0,
          0.116629,
          -0.919942,
          -0.374306,
          0.271711,
          0.985238,
          0.15472,
          -0.073272,
          -0.028915,
          0.0,
          0.0,
          0.0,
          1.0
        ]
      ]
    },
    {
      "name": "Elbow_L",
      "time": [
        0.0,
        0.6667
      ],
      "transform": [
        [
          -1.0,
          0.0,
          -0.0,
          0.0,
          0.0,
          0.003946,
          -0.999992,
          0.376416,
          -0.0,
          -0.999993,
          -0.003946,
          -0.000951,
          0.0,
          0.0,
          0.0,
          1.0
        ],
        [
          -1.0,
          0.0,
          -0.0,
          0.0,
          0.0,
          0.003946,
          -0.999992,
          0.376416,
          -0.0,
          -0.999993,
          -0.003946,
          -0.000951,
          0.0,
          0.0,
          0.0,
          1.0
        ]
      ]
    },
    {
      "name": "IK-Thigh_R",
      "time": [
        0.0,
        0.1667,
        0.3333,
        0.5,
        0.6667
      ],
      "transform": [
        [
          1.0,
          -5e-06,
          1e-06,
          0.124994,
          -5e-06,
          -0.986158,
          -0.165807,
          -0.00251,
          1e-06,
          0.165807,
          -0.986158,
          0.057555,
          0.0,
          0.0,
          0.0,
          1.0
        ],
        [
          1.0,
          -1.8e-05,
          1e-05,
          0.124994,
          -1.9e-05,
          -0.668884,
          0.743367,
          -0.002379,
          -7e-06,
          -0.743368,
          -0.668883,
          0.026954,
          0.0,
          0.0,
          0.0,
          1.0
        ],
        [
          1.0,
          -5e-06,
          0.0,
          0.124994,
          -4e-06,
          -0.791484,
          0.61119,
          -0.00251,
          -3e-06,
          -0.61119,
          -0.791484,
          -0.003649,
          0.0,
          0.0,
          0.0,
          1.0
        ],
        [
          1.0,
          -0.0,
          -0.0,
          0.124994,
          -0.0,
          -0.99957,
          0.029333,
          -0.010986,
          -0.0,
          -0.029333,
          -0.99957,
          0.026952,
          0.0,
          0.0,
          0.0,
          1.0
        ],
        [
          1.0,
          -5e-06,
          1e-06,
          0.124994,
          -5e-06,
          -0.986158,
          -0.165807,
          -0.00251,
          1e-06,
          0.165807,
          -0.986158,
          0.057555,
          0.0,
          0.0,
          0.0,
          1.0
        ]
      ]
    },
    {
      "name": "IK-Leg_R",
      "time": [
        0.0,
        0.6667
      ],
      "transform": [
        [
          1.0,
          1e-05,
          3e-06,
          -0.0,
          -1e-05,
          0.881477,
          0.472227,
          0.374726,
          2e-06,
          -0.472227,
          0.881477,
          0.0,
          0.0,
          0.0,
          0.0,
          1.0
        ],
        [
          1.0,
          1e-05,
          3e-06,
          -0.0,
          -1e-05,
          0.881477,
          0.472227,
          0.374726,
          2e-06,
          -0.472227,
          0.881477,
          0.0,
          0.0,
          0.0,
          0.0,
          1.0
        ]
      ]
    },
    {
      "name": "IK-Thigh_L",
      "time": [
        0.0,
        0.1667,
        0.3333,
        0.5,
        0.6667
      ],
      "transform": [
        [
          1.0,
          -8e-06,
          1e-06,
          -0.125006,
          -7e-06,
          -0.761073,
          0.648667,
          -0.002831,
          -4e-06,
          -0.648667,
          -0.761073,
          -0.070633,
          0.0,
          0.0,
          0.0,
          1.0
        ],
        [
          1.0,
          -6e-06,
          1e-06,
          -0.125006,
          -6e-06,
          -0.963006,
          0.269481,
          -0.005613,
          -1e-06,
          -0.269481,
          -0.963006,
          -0.026121,
          0.0,
          0.0,
          0.0,
          1.0
        ],
        [
          1.0,
          -1e-05,
          3e-06,
          -0.125006,
          -1.1e-05,
          -0.99903,
          0.044047,
          -0.008395,
          2e-06,
          -0.044046,
          -0.99903,
          0.018391,
          0.0,
          0.0,
          0.0,
          1.0
        ],
        [
          1.0,
          -1.9e-05,
          1.1e-05,
          -0.125006,
          -2e-05,
          -0.627382,
          0.778712,
          -0.008395,
          -7e-06,
          -0.778712,
          -0.627382,
          0.018391,
          0.0,
          0.0,
          0.0,
          1.0
        ],
        [
          1.0,
          -8e-06,
          1e-06,
          -0.125006,
          -7e-06,
          -0.761073,
          0.648667,
          -0.002831,
          -4e-06,
          -0.648667,
          -0.761073,
          -0.070633,
          0.0,
          0.0,
          0.0,
          1.0
        ]
      ]
    }
  ]
}