{
    "animation": [
        {
            "name": "Root",
            "time": [0.0, 0.1333, 0.25, 0.3667, 0.5],
            "transform": [
                [1.0, 0.0, 0.0, -5e-06, 0.0, 0.0, -1.0, -0.013766, 0.0, 1.0, 0.0, 0.739031, 0.0, 0.0, 0.0, 1.0],
                [1.0, 0.0, 0.0, -5e-06, 0.0, 0.0, -1.0, -0.013766, 0.0, 1.0, 0.0, 0.73117, 0.0, 0.0, 0.0, 1.0],
                [1.0, 0.0, 0.0, -5e-06, 0.0, 0.0, -1.0, -0.013766, 0.0, 1.0, 0.0, 0.724737, 0.0, 0.0, 0.0, 1.0],
                [1.0, 0.0, 0.0, -5e-06, 0.0, 0.0, -1.0, -0.013766, 0.0, 1.0, 0.0, 0.745463, 0.0, 0.0, 0.0, 1.0],
                [1.0, 0.0, 0.0, -5e-06, 0.0, 0.0, -1.0, -0.013766, 0.0, 1.0, 0.0, 0.739031, 0.0, 0.0, 0.0, 1.0]
            ]
        },
        {
            "name": "Thigh_R",
            "time": [0.0, 0.1333, 0.25, 0.3667, 0.5],
            "transform": [
                [0.993171, -0.09477, -0.068048, 0.143171, 0.027765, -0.374506, 0.926809, 0.042444, -0.113318, -0.922369, -0.369317, -0.149749, 0.0, 0.0, 0.0, 1.0],
                [0.990799, 0.002327, -0.135323, 0.143171, 0.037877, -0.964668, 0.260734, 0.018864, -0.129935, -0.263461, -0.95588, -0.031847, 0.0, 0.0, 0.0, 1.0],
                [0.995943, 0.002378, -0.089957, 0.143171, -0.031057, -0.929146, -0.368407, -0.000435, -0.084459, 0.369706, -0.925302, 0.064647, 0.0, 0.0, 0.0, 1.0],
                [0.99595, -0.078455, -0.043905, 0.143171, -0.037333, -0.805158, 0.591885, 0.018864, -0.081786, -0.587849, -0.804826, -0.031847, 0.0, 0.0, 0.0, 1.0],
                [0.993171, -0.09477, -0.068048, 0.143171, 0.027765, -0.374506, 0.926809, 0.042444, -0.113318, -0.922369, -0.369317, -0.149749, 0.0, 0.0, 0.0, 1.0]
            ]
        },
        {
            "name": "Leg_R",
            "time": [0.0, 0.1333, 0.25, 0.3667, 0.5],
            "transform": [
                [1.0, 1.9e-05, 3e-05, -0.0, -2e-05, -0.390349, 0.920667, 0.374726, 2.9e-05, -0.920667, -0.390349, -0.0, 0.0, 0.0, 0.0, 1.0],
                [1.0, 0.0, 1e-06, 0.0, -0.0, 0.999999, 0.001461, 0.374726, -1e-06, -0.001461, 0.999999, -0.0, 0.0, 0.0, 0.0, 1.0],
                [1.0, 0.0, 1e-06, 0.0, -0.0, 0.999999, 0.001461, 0.374726, -1e-06, -0.001461, 0.999999, -0.0, 0.0, 0.0, 0.0, 1.0],
                [1.0, 1.6e-05, 3.5e-05, -0.0, -1.7e-05, -0.625728, 0.780041, 0.374726, 3.5e-05, -0.780041, -0.625728, -0.0, 0.0, 0.0, 0.0, 1.0],
                [1.0, 1.9e-05, 3e-05, -0.0, -2e-05, -0.390349, 0.920667, 0.374726, 2.9e-05, -0.920667, -0.390349, -0.0, 0.0, 0.0, 0.0, 1.0]
            ]
        },
        {
            "name": "Knee_R",
            "time": [0.0, 0.5],
            "transform": [
                [1.0, 0.0, -0.0, 0.0, -0.0, 0.00567, -0.999984, 0.484724, -0.0, 0.999984, 0.00567, -0.000624, 0.0, 0.0, 0.0, 1.0],
                [1.0, 0.0, -0.0, 0.0, -0.0, 0.00567, -0.999984, 0.484724, -0.0, 0.999984, 0.00567, -0.000624, 0.0, 0.0, 0.0, 1.0]
            ]
        },
        {
            "name": "Thigh_L",
            "time": [0.0, 0.1333, 0.25, 0.3667, 0.5],
            "transform": [
                [0.999894, -0.014418, 0.001953, -0.116584, -0.01335, -0.962518, -0.270889, -0.018326, 0.005786, 0.270834, -0.962609, 0.121883, 0.0, 0.0, 0.0, 1.0],
                [0.999637, -0.014279, 0.022849, -0.116584, -0.022804, -0.900055, 0.435181, 0.032765, 0.014351, -0.435544, -0.900053, 5.1e-05, 0.0, 0.0, 0.0, 1.0],
                [0.998631, 0.019385, 0.048579, -0.116584, -0.040783, -0.292944, 0.95526, 0.074579, 0.032748, -0.955934, -0.291752, -0.09966, 0.0, 0.0, 0.0, 1.0],
                [0.999836, -0.01558, 0.009189, -0.116584, -0.015752, -0.999695, 0.019026, 0.032765, 0.00889, -0.019168, -0.999777, 5.1e-05, 0.0, 0.0, 0.0, 1.0],
                [0.999894, -0.014418, 0.001953, -0.116584, -0.01335, -0.962518, -0.270889, -0.018326, 0.005786, 0.270834, -0.962609, 0.121883, 0.0, 0.0, 0.0, 1.0]
            ]
        },
        {
            "name": "Leg_L",
            "time": [0.0, 0.1333, 0.25, 0.3667, 0.5],
            "transform": [
                [1.0, 0.0, 1e-06, -0.0, -0.0, 0.999999, 0.001468, 0.374726, -1e-06, -0.001468, 0.999999, -0.0, 0.0, 0.0, 0.0, 1.0],
                [1.0, 2e-05, 2.7e-05, -0.0, -2.1e-05, -0.252657, 0.967556, 0.374726, 2.6e-05, -0.967556, -0.252657, 0.0, 0.0, 0.0, 0.0, 1.0],
                [1.0, 2e-05, 2.8e-05, 0.0, -2.1e-05, -0.296305, 0.955093, 0.374726, 2.7e-05, -0.955093, -0.296305, -0.0, 0.0, 0.0, 0.0, 1.0],
                [1.0, 4e-06, 1e-06, -0.0, -5e-06, 0.976936, 0.213533, 0.374726, -0.0, -0.213533, 0.976936, 0.0, 0.0, 0.0, 0.0, 1.0],
                [1.0, 0.0, 1e-06, -0.0, -0.0, 0.999999, 0.001468, 0.374726, -1e-06, -0.001468, 0.999999, -0.0, 0.0, 0.0, 0.0, 1.0]
            ]
        },
        {
            "name": "Knee_L",
            "time": [0.0, 0.5],
            "transform": [
                [1.0, 0.0, -0.0, -0.0, -0.0, 0.00567, -0.999984, 0.374726, -0.0, 0.999984, 0.00567, -0.0, 0.0, 0.0, 0.0, 1.0],
                [1.0, 0.0, -0.0, -0.0, -0.0, 0.00567, -0.999984, 0.374726, -0.0, 0.999984, 0.00567, -0.0, 0.0, 0.0, 0.0, 1.0]
            ]
        },
        {
            "name": "Torso",
            "time": [0.0, 0.1333, 0.25, 0.3667, 0.5],
            "transform": [
                [0.807953, 0.0, 0.589247, 0.0, 0.0, 1.0, 0.0, 0.05, -0.589247, 0.0, 0.807953, 0.0, 0.0, 0.0, 0.0, 1.0],
                [0.997546, 0.0, 0.070007, 0.0, 0.0, 1.0, 0.0, 0.05, -0.070007, 0.0, 0.997546, 0.0, 0.0, 0.0, 0.0, 1.0],
                [0.926314, 0.0, -0.376752, 0.0, 0.0, 1.0, 0.0, 0.05, 0.376752, 0.0, 0.926314, 0.0, 0.0, 0.0, 0.0, 1.0],
                [0.997546, 0.0, 0.070007, 0.0, 0.0, 1.0, 0.0, 0.05, -0.070007, 0.0, 0.997546, 0.0, 0.0, 0.0, 0.0, 1.0],
                [0.807953, 0.0, 0.589247, 0.0, 0.0, 1.0, 0.0, 0.05, -0.589247, 0.0, 0.807953, 0.0, 0.0, 0.0, 0.0, 1.0]
            ]
        },
        {
            "name": "Chest",
            "time": [0.0, 0.1333, 0.25, 0.3667, 0.5],
            "transform": [
                [0.999341, 0.0, 0.036297, 0.0, 0.0, 1.0, 0.0, 0.3, -0.036297, 0.0, 0.999341, -0.0, 0.0, 0.0, 0.0, 1.0],
                [0.999341, 0.0, 0.036297, 0.0, 0.0, 1.0, 0.0, 0.3, -0.036297, 0.0, 0.999341, -0.0, 0.0, 0.0, 0.0, 1.0],
                [0.999341, 0.0, 0.036297, -0.0, 0.0, 1.0, 0.0, 0.3, -0.036297, 0.0, 0.999341, -0.0, 0.0, 0.0, 0.0, 1.0],
                [0.999341, 0.0, 0.036297, 0.0, 0.0, 1.0, 0.0, 0.3, -0.036297, 0.0, 0.999341, -0.0, 0.0, 0.0, 0.0, 1.0],
                [0.999341, 0.0, 0.036297, 0.0, 0.0, 1.0, 0.0, 0.3, -0.036297, 0.0, 0.999341, -0.0, 0.0, 0.0, 0.0, 1.0]
            ]
        },
        {
            "name": "Head",
            "time": [0.0, 0.1333, 0.25, 0.3667, 0.5],
            "transform": [
                [0.779861, 0.0, -0.625952, -0.0, 0.0, 1.0, 0.0, 0.4, 0.625952, 0.0, 0.779861, -0.0, 0.0, 0.0, 0.0, 1.0],
                [0.994545, 0.0, -0.104312, -0.0, 0.0, 1.0, 0.0, 0.4, 0.104312, 0.0, 0.994545, 0.0, 0.0, 0.0, 0.0, 1.0],
                [0.935415, 0.0, 0.353551, 0.0, 0.0, 1.0, 0.0, 0.4, -0.353551, 0.0, 0.935415, 0.0, 0.0, 0.0, 0.0, 1.0],
                [0.994545, 0.0, -0.104312, -0.0, 0.0, 1.0, 0.0, 0.4, 0.104313, 0.0, 0.994545, 0.0, 0.0, 0.0, 0.0, 1.0],
                [0.779861, 0.0, -0.625952, -0.0, 0.0, 1.0, 0.0, 0.4, 0.625952, 0.0, 0.779861, -0.0, 0.0, 0.0, 0.0, 1.0]
            ]
        },
        {
            "name": "Shoulder_R",
            "time": [0.0, 0.5],
            "transform": [
                [0.0, 0.952114, 0.305743, -0.0, 0.0, -0.305743, 0.952114, 0.4, 1.0, 0.0, -0.0, -0.0, 0.0, 0.0, 0.0, 1.0],
                [0.0, 0.952114, 0.305743, -0.0, 0.0, -0.305743, 0.952114, 0.4, 1.0, 0.0, -0.0, -0.0, 0.0, 0.0, 0.0, 1.0]
            ]
        },
        {
            "name": "Arm_R",
            "time": [0.0, 0.1333, 0.25, 0.3667, 0.5],
            "transform": [
                [0.517361, -0.831251, -0.203371, 0.0, 0.820966, 0.549185, -0.15624, 0.39386, 0.241563, -0.086128, 0.966556, -0.0, 0.0, 0.0, 0.0, 1.0],
                [-0.144473, -0.893482, -0.425228, -0.0, 0.978609, -0.065407, -0.195055, 0.39386, 0.146465, -0.444312, 0.883819, -0.0, 0.0, 0.0, 0.0, 1.0],
                [-0.551312, -0.691391, -0.46694, 0.0, 0.814204, -0.323776, -0.481915, 0.39386, 0.182008, -0.64587, 0.741435, -0.0, 0.0, 0.0, 0.0, 1.0],
                [-0.144473, -0.893481, -0.425228, -0.0, 0.978609, -0.065407, -0.195055, 0.39386, 0.146465, -0.444312, 0.883819, -0.0, 0.0, 0.0, 0.0, 1.0],
                [0.517361, -0.831251, -0.203371, 0.0, 0.820966, 0.549185, -0.15624, 0.39386, 0.241563, -0.086128, 0.966556, -0.0, 0.0, 0.0, 0.0, 1.0]
            ]
        },
        {
            "name": "Hand_R",
            "time": [0.0, 0.1333, 0.25, 0.3667, 0.5],
            "transform": [
                [1.0, -1e-06, 0.0, -0.0, 1e-06, 0.965435, -0.260646, 0.300003, 0.0, 0.260646, 0.965435, -0.0, 0.0, 0.0, 0.0, 1.0],
                [1.0, -2e-06, 1e-06, -0.0, 2e-06, 0.839416, -0.54349, 0.300003, 1e-06, 0.54349, 0.839416, -0.0, 0.0, 0.0, 0.0, 1.0],
                [1.0, -3e-06, 1e-06, -0.0, 3e-06, 0.696718, -0.717345, 0.300002, 1e-06, 0.717345, 0.696718, -0.0, 0.0, 0.0, 0.0, 1.0],
                [1.0, -2e-06, 1e-06, -0.0, 2e-06, 0.839416, -0.54349, 0.300003, 1e-06, 0.54349, 0.839416, -0.0, 0.0, 0.0, 0.0, 1.0],
                [1.0, -1e-06, 0.0, -0.0, 1e-06, 0.965435, -0.260646, 0.300003, 0.0, 0.260646, 0.965435, -0.0, 0.0, 0.0, 0.0, 1.0]
            ]
        },
        {
            "name": "Tool_R",
            "time": [0.0, 0.1333, 0.25, 0.3667, 0.5],
            "transform": [
                [0.976378, 0.21576, 0.011581, 0.000757, 0.215254, -0.966633, -0.138879, 0.266559, -0.01877, 0.138091, -0.990242, 0.042797, 0.0, 0.0, 0.0, 1.0],
                [0.976145, 0.216268, 0.019218, 0.000757, 0.217112, -0.973029, -0.07795, 0.266559, 0.001842, 0.080263, -0.996773, 0.042797, 0.0, 0.0, 0.0, 1.0],
                [0.975838, 0.217013, 0.025433, 0.000757, 0.217691, -0.97562, -0.027857, 0.266559, 0.018767, 0.03272, -0.999289, 0.042797, 0.0, 0.0, 0.0, 1.0],
                [0.976145, 0.216268, 0.019218, 0.000757, 0.217112, -0.97303, -0.07795, 0.266559, 0.001842, 0.080263, -0.996773, 0.042797, 0.0, 0.0, 0.0, 1.0],
                [0.976378, 0.21576, 0.011581, 0.000757, 0.215254, -0.966633, -0.138879, 0.266559, -0.01877, 0.138091, -0.990242, 0.042797, 0.0, 0.0, 0.0, 1.0]
            ]
        },
        {
            "name": "Elbow_R",
            "time": [0.0, 0.5],
            "transform": [
                [-1.0, 0.0, -0.0, -0.0, 0.0, 0.003946, -0.999992, 0.323909, -0.0, -0.999992, -0.003946, -0.001158, 0.0, 0.0, 0.0, 1.0],
                [-1.0, 0.0, -0.0, -0.0, 0.0, 0.003946, -0.999992, 0.323909, -0.0, -0.999992, -0.003946, -0.001158, 0.0, 0.0, 0.0, 1.0]
            ]
        },
        {
            "name": "Shoulder_L",
            "time": [0.0, 0.5],
            "transform": [
                [0.0, -0.952114, -0.305743, -0.0, 0.0, -0.305743, 0.952114, 0.4, -1.0, 0.0, 0.0, -0.0, 0.0, 0.0, 0.0, 1.0],
                [0.0, -0.952114, -0.305743, -0.0, 0.0, -0.305743, 0.952114, 0.4, -1.0, 0.0, 0.0, -0.0, 0.0, 0.0, 0.0, 1.0]
            ]
        },
        {
            "name": "Arm_L",
            "time": [0.0, 0.1333, 0.25, 0.3667, 0.5],
            "transform": [
                [-0.395334, -0.569082, 0.721011, -0.0, -0.80027, 0.598689, 0.033743, 0.39386, -0.450864, -0.563663, -0.692101, -0.0, 0.0, 0.0, 0.0, 1.0],
                [-0.012764, -0.184091, 0.982826, 0.0, -0.975064, 0.220076, 0.028558, 0.39386, -0.221554, -0.957954, -0.18231, -0.0, 0.0, 0.0, 0.0, 1.0],
                [0.403565, 0.45756, 0.792321, -0.0, -0.887484, 0.406353, 0.217369, 0.39386, -0.222503, -0.790895, 0.570068, 0.0, 0.0, 0.0, 0.0, 1.0],
                [-0.012764, -0.184091, 0.982826, 0.0, -0.975064, 0.220076, 0.028558, 0.39386, -0.221554, -0.957954, -0.18231, -0.0, 0.0, 0.0, 0.0, 1.0],
                [-0.395334, -0.569082, 0.721011, -0.0, -0.80027, 0.598689, 0.033743, 0.39386, -0.450864, -0.563663, -0.692101, -0.0, 0.0, 0.0, 0.0, 1.0]
            ]
        },
        {
            "name": "Hand_L",
            "time": [0.0, 0.1333, 0.25, 0.3667, 0.5],
            "transform": [
                [1.0, -0.0, 0.0, 0.0, 0.0, 0.080961, -0.996717, 0.300002, 0.0, 0.996718, 0.080961, 0.0, 0.0, 0.0, 0.0, 1.0],
                [1.0, -0.0, 0.0, -0.0, 0.0, -0.063879, -0.997958, 0.300002, 0.0, 0.997958, -0.063879, -0.0, 0.0, 0.0, 0.0, 1.0],
                [1.0, -0.0, 0.0, 0.0, 0.0, 0.451698, -0.892171, 0.300002, 0.0, 0.892171, 0.451698, -0.0, 0.0, 0.0, 0.0, 1.0],
                [1.0, -0.0, 0.0, 0.0, 0.0, -0.063879, -0.997958, 0.300003, 0.0, 0.997958, -0.063879, 0.0, 0.0, 0.0, 0.0, 1.0],
                [1.0, -0.0, 0.0, 0.0, 0.0, 0.080961, -0.996717, 0.300002, 0.0, 0.996718, 0.080961, 0.0, 0.0, 0.0, 0.0, 1.0]
            ]
        },
        {
            "name": "Tool_L",
            "time": [0.0, 0.1333, 0.25, 0.3667, 0.5],
            "transform": [
                [1.0, -0.0, 0.0, -0.0, 0.0, -0.999559, -0.029689, 0.271711, 0.0, 0.029689, -0.99956, -0.028915, 0.0, 0.0, 0.0, 1.0],
                [1.0, 0.0, 0.0, 0.0, 0.0, -0.999559, -0.029689, 0.271711, 0.0, 0.029689, -0.99956, -0.028915, 0.0, 0.0, 0.0, 1.0],
                [1.0, -0.0, 0.0, -0.0, -0.0, -0.999559, -0.029689, 0.271711, 0.0, 0.029689, -0.999559, -0.028915, 0.0, 0.0, 0.0, 1.0],
                [1.0, -0.0, 0.0, 0.0, -0.0, -0.999559, -0.029689, 0.271711, 0.0, 0.029689, -0.99956, -0.028915, 0.0, 0.0, 0.0, 1.0],
                [1.0, -0.0, 0.0, -0.0, 0.0, -0.999559, -0.029689, 0.271711, 0.0, 0.029689, -0.99956, -0.028915, 0.0, 0.0, 0.0, 1.0]
            ]
        },
        {
            "name": "Elbow_L",
            "time": [0.0, 0.5],
            "transform": [
                [-1.0, 0.0, -0.0, 0.0, 0.0, 0.003946, -0.999992, 0.438802, -0.0, -0.999992, -0.003946, -0.000705, 0.0, 0.0, 0.0, 1.0],
                [-1.0, 0.0, -0.0, 0.0, 0.0, 0.003946, -0.999992, 0.438802, -0.0, -0.999992, -0.003946, -0.000705, 0.0, 0.0, 0.0, 1.0]
            ]
        },
        {
            "name": "IK-Thigh_R",
            "time": [0.0, 0.1333, 0.25, 0.3667, 0.5],
            "transform": [
                [0.993171, -0.09477, -0.068048, 0.143171, 0.027765, -0.374506, 0.926809, 0.042444, -0.113318, -0.922369, -0.369317, -0.149749, 0.0, 0.0, 0.0, 1.0],
                [0.990799, 0.002327, -0.135323, 0.143171, 0.037877, -0.964668, 0.260734, 0.018864, -0.129935, -0.263461, -0.95588, -0.031847, 0.0, 0.0, 0.0, 1.0],
                [0.995943, 0.002378, -0.089957, 0.143171, -0.031057, -0.929146, -0.368407, -0.000435, -0.084459, 0.369706, -0.925302, 0.064647, 0.0, 0.0, 0.0, 1.0],
                [0.99595, -0.078455, -0.043905, 0.143171, -0.037333, -0.805158, 0.591885, 0.018864, -0.081786, -0.587849, -0.804826, -0.031847, 0.0, 0.0, 0.0, 1.0],
                [0.993171, -0.09477, -0.068048, 0.143171, 0.027765, -0.374506, 0.926809, 0.042444, -0.113318, -0.922369, -0.369317, -0.149749, 0.0, 0.0, 0.0, 1.0]
            ]
        },
        {
            "name": "IK-Leg_R",
            "time": [0.0, 0.5],
            "transform": [
                [1.0, 1.9e-05, 3e-05, 0.0, -2e-05, -0.390349, 0.920667, 0.374726, 2.9e-05, -0.920667, -0.390349, -0.0, 0.0, 0.0, 0.0, 1.0],
                [1.0, 1.9e-05, 3e-05, 0.0, -2e-05, -0.390349, 0.920667, 0.374726, 2.9e-05, -0.920667, -0.390349, -0.0, 0.0, 0.0, 0.0, 1.0]
            ]
        },
        {
            "name": "IK-Thigh_L",
            "time": [0.0, 0.1333, 0.25, 0.3667, 0.5],
            "transform": [
                [0.999894, -0.014418, 0.001953, -0.116584, -0.01335, -0.962518, -0.270889, -0.018326, 0.005786, 0.270834, -0.962609, 0.121883, 0.0, 0.0, 0.0, 1.0],
                [0.999637, -0.014279, 0.022849, -0.116584, -0.022804, -0.900055, 0.435181, 0.032765, 0.014351, -0.435544, -0.900053, 5.1e-05, 0.0, 0.0, 0.0, 1.0],
                [0.998631, 0.019385, 0.048579, -0.116584, -0.040783, -0.292944, 0.95526, 0.074579, 0.032748, -0.955934, -0.291752, -0.09966, 0.0, 0.0, 0.0, 1.0],
                [0.999836, -0.01558, 0.009189, -0.116584, -0.015752, -0.999695, 0.019026, 0.032765, 0.00889, -0.019168, -0.999777, 5.1e-05, 0.0, 0.0, 0.0, 1.0],
                [0.999894, -0.014418, 0.001953, -0.116584, -0.01335, -0.962518, -0.270889, -0.018326, 0.005786, 0.270834, -0.962609, 0.121883, 0.0, 0.0, 0.0, 1.0]
            ]
        }
    ]
}