{
  "animation": [
    {
      "name": "Root",
      "time": [
        0.0,
        0.1167,
        0.2333,
        0.3667,
        0.5
      ],
      "transform": [
        [
          1.0,
          0.0,
          0.0,
          -5e-06,
          0.0,
          0.0,
          -1.0,
          -0.013766,
          0.0,
          1.0,
          0.0,
          0.724737,
          0.0,
          0.0,
          0.0,
          1.0
        ],
        [
          1.0,
          0.0,
          0.0,
          -5e-06,
          0.0,
          0.0,
          -1.0,
          -0.013766,
          0.0,
          1.0,
          0.0,
          0.724737,
          0.0,
          0.0,
          0.0,
          1.0
        ],
        [
          1.0,
          0.0,
          0.0,
          -5e-06,
          0.0,
          0.0,
          -1.0,
          -0.013766,
          0.0,
          1.0,
          0.0,
          0.724737,
          0.0,
          0.0,
          0.0,
          1.0
        ],
        [
          1.0,
          0.0,
          0.0,
          -5e-06,
          0.0,
          0.0,
          -1.0,
          -0.013766,
          0.0,
          1.0,
          0.0,
          0.724737,
          0.0,
          0.0,
          0.0,
          1.0
        ],
        [
          1.0,
          0.0,
          0.0,
          -5e-06,
          0.0,
          0.0,
          -1.0,
          -0.013766,
          0.0,
          1.0,
          0.0,
          0.724737,
          0.0,
          0.0,
          0.0,
          1.0
        ]
      ]
    },
    {
      "name": "Thigh_R",
      "time": [
        0.0,
        0.1167,
        0.2333,
        0.3667,
        0.5
      ],
      "transform": [
        [
          1.0,
          -1.3e-05,
          4e-06,
          0.124994,
          -1e-05,
          -0.509296,
          0.860591,
          0.013517,
          -9e-06,
          -0.860592,
          -0.509296,
          -0.057228,
          0.0,
          0.0,
          0.0,
          1.0
        ],
        [
          1.0,
          -1e-06,
          -0.0,
          0.124994,
          -1e-06,
          -0.959851,
          0.280511,
          -0.002663,
          -1e-06,
          -0.280511,
          -0.959851,
          -0.012732,
          0.0,
          0.0,
          0.0,
          1.0
        ],
        [
          1.0,
          -0.0,
          -0.0,
          0.124994,
          -0.0,
          -0.865906,
          -0.500207,
          0.013517,
          -0.0,
          0.500207,
          -0.865906,
          -0.057228,
          0.0,
          0.0,
          0.0,
          1.0
        ],
        [
          1.0,
          -1.7e-05,
          8e-06,
          0.124994,
          -1.8e-05,
          -0.859704,
          0.510792,
          0.001867,
          -1e-06,
          -0.510792,
          -0.859704,
          -0.016454,
          0.0,
          0.0,
          0.0,
          1.0
        ],
        [
          1.0,
          -1.3e-05,
          4e-06,
          0.124994,
          -1e-05,
          -0.509296,
          0.860591,
          0.013517,
          -9e-06,
          -0.860592,
          -0.509296,
          -0.057228,
          0.0,
          0.0,
          0.0,
          1.0
        ]
      ]
    },
    {
      "name": "Leg_R",
      "time": [
        0.0,
        0.1167,
        0.2333,
        0.3667,
        0.5
      ],
      "transform": [
        [
          1.0,
          2e-05,
          1.6e-05,
          -0.0,
          -2.1e-05,
          0.253105,
          0.967439,
          0.374726,
          1.5e-05,
          -0.967439,
          0.253105,
          0.0,
          0.0,
          0.0,
          0.0,
          1.0
        ],
        [
          1.0,
          2e-06,
          1e-06,
          0.0,
          -2e-06,
          0.996291,
          0.086047,
          0.374726,
          -1e-06,
          -0.086047,
          0.996291,
          -0.0,
          0.0,
          0.0,
          0.0,
          1.0
        ],
        [
          1.0,
          0.0,
          1e-06,
          0.0,
          -0.0,
          0.999999,
          0.001467,
          0.374726,
          -1e-06,
          -0.001467,
          0.999999,
          0.0,
          0.0,
          0.0,
          0.0,
          1.0
        ],
        [
          1.0,
          2e-05,
          2.6e-05,
          -0.0,
          -2.1e-05,
          -0.211869,
          0.977298,
          0.374726,
          2.6e-05,
          -0.977298,
          -0.211868,
          -0.0,
          0.0,
          0.0,
          0.0,
          1.0
        ],
        [
          1.0,
          2e-05,
          1.6e-05,
          -0.0,
          -2.1e-05,
          0.253105,
          0.967439,
          0.374726,
          1.5e-05,
          -0.967439,
          0.253105,
          0.0,
          0.0,
          0.0,
          0.0,
          1.0
        ]
      ]
    },
    {
      "name": "Knee_R",
      "time": [
        0.0,
        0.5
      ],
      "transform": [
        [
          1.0,
          0.0,
          -0.0,
          0.0,
          -0.0,
          0.00567,
          -0.999984,
          0.456655,
          -0.0,
          0.999984,
          0.00567,
          -0.000465,
          0.0,
          0.0,
          0.0,
          1.0
        ],
        [
          1.0,
          0.0,
          -0.0,
          0.0,
          -0.0,
          0.00567,
          -0.999984,
          0.456655,
          -0.0,
          0.999984,
          0.00567,
          -0.000465,
          0.0,
          0.0,
          0.0,
          1.0
        ]
      ]
    },
    {
      "name": "Thigh_L",
      "time": [
        0.0,
        0.1167,
        0.2333,
        0.3667,
        0.5
      ],
      "transform": [
        [
          1.0,
          -1e-06,
          -0.0,
          -0.125006,
          -1e-06,
          -0.959592,
          -0.281396,
          -0.000466,
          0.0,
          0.281396,
          -0.959592,
          0.070941,
          0.0,
          0.0,
          0.0,
          1.0
        ],
        [
          1.0,
          -1.6e-05,
          7e-06,
          -0.125006,
          -1.7e-05,
          -0.805616,
          0.592438,
          0.04403,
          -4e-06,
          -0.592438,
          -0.805616,
          0.03049,
          0.0,
          0.0,
          0.0,
          1.0
        ],
        [
          1.0,
          -1.4e-05,
          5e-06,
          -0.125006,
          -1.1e-05,
          -0.407162,
          0.913356,
          -0.000466,
          -1.1e-05,
          -0.913356,
          -0.407162,
          0.070941,
          0.0,
          0.0,
          0.0,
          1.0
        ],
        [
          1.0,
          -0.0,
          -0.0,
          -0.125006,
          -0.0,
          -0.922148,
          0.386838,
          -0.000466,
          -0.0,
          -0.386838,
          -0.922148,
          0.070941,
          0.0,
          0.0,
          0.0,
          1.0
        ],
        [
          1.0,
          -1e-06,
          -0.0,
          -0.125006,
          -1e-06,
          -0.959592,
          -0.281396,
          -0.000466,
          0.0,
          0.281396,
          -0.959592,
          0.070941,
          0.0,
          0.0,
          0.0,
          1.0
        ]
      ]
    },
    {
      "name": "Leg_L",
      "time": [
        0.0,
        0.1167,
        0.2333,
        0.3667,
        0.5
      ],
      "transform": [
        [
          1.0,
          2e-06,
          1e-06,
          -0.0,
          -2e-06,
          0.99647,
          0.083945,
          0.374726,
          -1e-06,
          -0.083945,
          0.99647,
          0.0,
          0.0,
          0.0,
          0.0,
          1.0
        ],
        [
          1.0,
          2.1e-05,
          2.4e-05,
          0.0,
          -2.2e-05,
          -0.124033,
          0.992278,
          0.374726,
          2.4e-05,
          -0.992278,
          -0.124033,
          0.0,
          0.0,
          0.0,
          0.0,
          1.0
        ],
        [
          1.0,
          2.1e-05,
          1.9e-05,
          -0.0,
          -2.2e-05,
          0.121944,
          0.992537,
          0.374726,
          1.8e-05,
          -0.992537,
          0.121944,
          0.0,
          0.0,
          0.0,
          0.0,
          1.0
        ],
        [
          1.0,
          0.0,
          1e-06,
          0.0,
          -0.0,
          0.999999,
          0.001468,
          0.374726,
          -1e-06,
          -0.001468,
          0.999999,
          0.0,
          0.0,
          0.0,
          0.0,
          1.0
        ],
        [
          1.0,
          2e-06,
          1e-06,
          -0.0,
          -2e-06,
          0.99647,
          0.083945,
          0.374726,
          -1e-06,
          -0.083945,
          0.99647,
          0.0,
          0.0,
          0.0,
          0.0,
          1.0
        ]
      ]
    },
    {
      "name": "Knee_L",
      "time": [
        0.0,
        0.5
      ],
      "transform": [
        [
          1.0,
          0.0,
          -0.0,
          -0.0,
          -0.0,
          0.00567,
          -0.999984,
          0.374726,
          -0.0,
          0.999984,
          0.00567,
          0.0,
          0.0,
          0.0,
          0.0,
          1.0
        ],
        [
          1.0,
          0.0,
          -0.0,
          -0.0,
          -0.0,
          0.00567,
          -0.999984,
          0.374726,
          -0.0,
          0.999984,
          0.00567,
          0.0,
          0.0,
          0.0,
          0.0,
          1.0
        ]
      ]
    },
    {
      "name": "Torso",
      "time": [
        0.0,
        0.1167,
        0.2333,
        0.3667,
        0.5
      ],
      "transform": [
        [
          0.999938,
          0.0,
          -0.011168,
          0.0,
          0.0,
          1.0,
          0.0,
          0.05,
          0.011168,
          0.0,
          0.999938,
          0.0,
          0.0,
          0.0,
          0.0,
          1.0
        ],
        [
          0.999938,
          0.0,
          -0.011168,
          0.0,
          0.0,
          1.0,
          0.0,
          0.05,
          0.011168,
          0.0,
          0.999938,
          0.0,
          0.0,
          0.0,
          0.0,
          1.0
        ],
        [
          0.999938,
          0.0,
          -0.011168,
          0.0,
          0.0,
          1.0,
          0.0,
          0.05,
          0.011168,
          0.0,
          0.999938,
          0.0,
          0.0,
          0.0,
          0.0,
          1.0
        ],
        [
          0.999938,
          0.0,
          -0.011168,
          0.0,
          0.0,
          1.0,
          0.0,
          0.05,
          0.011168,
          0.0,
          0.999938,
          0.0,
          0.0,
          0.0,
          0.0,
          1.0
        ],
        [
          0.999938,
          0.0,
          -0.011168,
          0.0,
          0.0,
          1.0,
          0.0,
          0.05,
          0.011168,
          0.0,
          0.999938,
          0.0,
          0.0,
          0.0,
          0.0,
          1.0
        ]
      ]
    },
    {
      "name": "Chest",
      "time": [
        0.0,
        0.1167,
        0.2333,
        0.3667,
        0.5
      ],
      "transform": [
        [
          0.975561,
          0.0,
          0.219728,
          -0.0,
          0.0,
          1.0,
          0.0,
          0.3,
          -0.219728,
          0.0,
          0.975561,
          0.0,
          0.0,
          0.0,
          0.0,
          1.0
        ],
        [
          0.999103,
          0.0,
          -0.042345,
          -0.0,
          0.0,
          1.0,
          0.0,
          0.3,
          0.042345,
          0.0,
          0.999103,
          0.0,
          0.0,
          0.0,
          0.0,
          1.0
        ],
        [
          0.953471,
          0.0,
          -0.301486,
          -0.0,
          0.0,
          1.0,
          0.0,
          0.3,
          0.301486,
          0.0,
          0.953471,
          0.0,
          0.0,
          0.0,
          0.0,
          1.0
        ],
        [
          0.999103,
          0.0,
          -0.042345,
          -0.0,
          0.0,
          1.0,
          0.0,
          0.3,
          0.042345,
          0.0,
          0.999103,
          0.0,
          0.0,
          0.0,
          0.0,
          1.0
        ],
        [
          0.975561,
          0.0,
          0.219728,
          -0.0,
          0.0,
          1.0,
          0.0,
          0.3,
          -0.219728,
          0.0,
          0.975561,
          0.0,
          0.0,
          0.0,
          0.0,
          1.0
        ]
      ]
    },
    {
      "name": "Head",
      "time": [
        0.0,
        0.1167,
        0.2333,
        0.3667,
        0.5
      ],
      "transform": [
        [
          0.979127,
          0.0,
          -0.203249,
          0.0,
          0.0,
          1.0,
          0.0,
          0.4,
          0.203249,
          0.0,
          0.979127,
          -0.0,
          0.0,
          0.0,
          0.0,
          1.0
        ],
        [
          0.999051,
          0.0,
          0.043558,
          -0.0,
          0.0,
          1.0,
          0.0,
          0.4,
          -0.043558,
          0.0,
          0.999051,
          -0.0,
          0.0,
          0.0,
          0.0,
          1.0
        ],
        [
          0.951689,
          0.0,
          0.307063,
          -0.0,
          0.0,
          1.0,
          0.0,
          0.4,
          -0.307063,
          0.0,
          0.951689,
          0.0,
          0.0,
          0.0,
          0.0,
          1.0
        ],
        [
          0.999051,
          0.0,
          0.043558,
          0.0,
          0.0,
          1.0,
          0.0,
          0.4,
          -0.043558,
          0.0,
          0.999051,
          -0.0,
          0.0,
          0.0,
          0.0,
          1.0
        ],
        [
          0.979127,
          0.0,
          -0.203249,
          0.0,
          0.0,
          1.0,
          0.0,
          0.4,
          0.203249,
          0.0,
          0.979127,
          -0.0,
          0.0,
          0.0,
          0.0,
          1.0
        ]
      ]
    },
    {
      "name": "Shoulder_R",
      "time": [
        0.0,
        0.5
      ],
      "transform": [
        [
          0.0,
          0.952114,
          0.305743,
          0.0,
          0.0,
          -0.305743,
          0.952114,
          0.4,
          1.0,
          0.0,
          -0.0,
          -0.0,
          0.0,
          0.0,
          0.0,
          1.0
        ],
        [
          0.0,
          0.952114,
          0.305743,
          0.0,
          0.0,
          -0.305743,
          0.952114,
          0.4,
          1.0,
          0.0,
          -0.0,
          -0.0,
          0.0,
          0.0,
          0.0,
          1.0
        ]
      ]
    },
    {
      "name": "Arm_R",
      "time": [
        0.0,
        0.1167,
        0.2333,
        0.3667,
        0.5
      ],
      "transform": [
        [
          0.096884,
          -0.993632,
          -0.05752,
          -0.0,
          0.950539,
          0.109508,
          -0.290659,
          0.39386,
          0.295108,
          -0.026515,
          0.955096,
          -0.0,
          0.0,
          0.0,
          0.0,
          1.0
        ],
        [
          -0.164698,
          -0.977905,
          -0.128748,
          0.0,
          0.940627,
          -0.116442,
          -0.318846,
          0.39386,
          0.296809,
          -0.173617,
          0.939022,
          -0.0,
          0.0,
          0.0,
          0.0,
          1.0
        ],
        [
          -0.40345,
          -0.900662,
          -0.161361,
          0.0,
          0.860391,
          -0.313413,
          -0.401869,
          0.39386,
          0.311375,
          -0.300968,
          0.901368,
          -0.0,
          0.0,
          0.0,
          0.0,
          1.0
        ],
        [
          -0.164699,
          -0.977906,
          -0.128748,
          -0.0,
          0.940627,
          -0.116442,
          -0.318846,
          0.39386,
          0.296809,
          -0.173617,
          0.939022,
          -0.0,
          0.0,
          0.0,
          0.0,
          1.0
        ],
        [
          0.096884,
          -0.993632,
          -0.05752,
          -0.0,
          0.950539,
          0.109508,
          -0.290659,
          0.39386,
          0.295108,
          -0.026515,
          0.955096,
          -0.0,
          0.0,
          0.0,
          0.0,
          1.0
        ]
      ]
    },
    {
      "name": "Hand_R",
      "time": [
        0.0,
        0.1167,
        0.2333,
        0.3667,
        0.5
      ],
      "transform": [
        [
          1.0,
          -0.0,
          0.0,
          0.0,
          0.0,
          1.0,
          -0.001013,
          0.300003,
          -0.0,
          0.001013,
          0.999999,
          -0.0,
          0.0,
          0.0,
          0.0,
          1.0
        ],
        [
          1.0,
          0.0,
          0.0,
          -0.0,
          -0.0,
          1.0,
          -0.001014,
          0.300003,
          -0.0,
          0.001014,
          0.999999,
          -0.0,
          0.0,
          0.0,
          0.0,
          1.0
        ],
        [
          1.0,
          -0.0,
          0.0,
          0.0,
          0.0,
          1.0,
          -0.001014,
          0.300003,
          -0.0,
          0.001014,
          0.999999,
          -0.0,
          0.0,
          0.0,
          0.0,
          1.0
        ],
        [
          1.0,
          -0.0,
          0.0,
          -0.0,
          0.0,
          1.0,
          -0.001014,
          0.300003,
          -0.0,
          0.001014,
          1.0,
          -0.0,
          0.0,
          0.0,
          0.0,
          1.0
        ],
        [
          1.0,
          -0.0,
          0.0,
          0.0,
          0.0,
          1.0,
          -0.001013,
          0.300003,
          -0.0,
          0.001013,
          0.999999,
          -0.0,
          0.0,
          0.0,
          0.0,
          1.0
        ]
      ]
    },
    {
      "name": "Tool_R",
      "time": [
        0.0,
        0.1167,
        0.2333,
        0.3667,
        0.5
      ],
      "transform": [
        [
          1.0,
          -0.0,
          0.0,
          0.000285,
          0.0,
          -0.999559,
          -0.029689,
          0.268432,
          0.0,
          0.029689,
          -0.99956,
          0.044553,
          0.0,
          0.0,
          0.0,
          1.0
        ],
        [
          1.0,
          -0.0,
          0.0,
          0.000285,
          -0.0,
          -0.999559,
          -0.029689,
          0.268432,
          0.0,
          0.029689,
          -0.99956,
          0.044553,
          0.0,
          0.0,
          0.0,
          1.0
        ],
        [
          1.0,
          -0.0,
          0.0,
          0.000285,
          -0.0,
          -0.999559,
          -0.029689,
          0.268432,
          0.0,
          0.029689,
          -0.99956,
          0.044554,
          0.0,
          0.0,
          0.0,
          1.0
        ],
        [
          1.0,
          -0.0,
          0.0,
          0.000285,
          -0.0,
          -0.999559,
          -0.029689,
          0.268432,
          0.0,
          0.029689,
          -0.99956,
          0.044553,
          0.0,
          0.0,
          0.0,
          1.0
        ],
        [
          1.0,
          -0.0,
          0.0,
          0.000285,
          0.0,
          -0.999559,
          -0.029689,
          0.268432,
          0.0,
          0.029689,
          -0.99956,
          0.044553,
          0.0,
          0.0,
          0.0,
          1.0
        ]
      ]
    },
    {
      "name": "Elbow_R",
      "time": [
        0.0,
        0.5
      ],
      "transform": [
        [
          -1.0,
          0.0,
          -0.0,
          0.0,
          0.0,
          0.003946,
          -0.999992,
          0.300007,
          -0.0,
          -0.999992,
          -0.003946,
          -0.001253,
          0.0,
          0.0,
          0.0,
          1.0
        ],
        [
          -1.0,
          0.0,
          -0.0,
          0.0,
          0.0,
          0.003946,
          -0.999992,
          0.300007,
          -0.0,
          -0.999992,
          -0.003946,
          -0.001253,
          0.0,
          0.0,
          0.0,
          1.0
        ]
      ]
    },
    {
      "name": "Shoulder_L",
      "time": [
        0.0,
        0.5
      ],
      "transform": [
        [
          -0.0,
          -0.952114,
          -0.305743,
          0.0,
          0.0,
          -0.305743,
          0.952114,
          0.4,
          -1.0,
          0.0,
          0.0,
          -0.0,
          0.0,
          0.0,
          0.0,
          1.0
        ],
        [
          -0.0,
          -0.952114,
          -0.305743,
          0.0,
          0.0,
          -0.305743,
          0.952114,
          0.4,
          -1.0,
          0.0,
          0.0,
          -0.0,
          0.0,
          0.0,
          0.0,
          1.0
        ]
      ]
    },
    {
      "name": "Arm_L",
      "time": [
        0.0,
        0.1167,
        0.2333,
        0.3667,
        0.5
      ],
      "transform": [
        [
          -0.256759,
          -0.510912,
          0.820392,
          0.0,
          -0.913762,
          0.404837,
          -0.033862,
          0.39386,
          -0.314825,
          -0.758337,
          -0.570798,
          0.0,
          0.0,
          0.0,
          0.0,
          1.0
        ],
        [
          0.045615,
          -0.499784,
          0.864948,
          -0.0,
          -0.940697,
          0.269883,
          0.205553,
          0.39386,
          -0.336167,
          -0.82303,
          -0.457834,
          -0.0,
          0.0,
          0.0,
          0.0,
          1.0
        ],
        [
          0.327856,
          0.181671,
          0.927095,
          -0.0,
          -0.855345,
          0.473742,
          0.209649,
          0.39386,
          -0.401117,
          -0.861721,
          0.310711,
          -0.0,
          0.0,
          0.0,
          0.0,
          1.0
        ],
        [
          0.046842,
          -0.434972,
          0.899225,
          -0.0,
          -0.940162,
          0.284951,
          0.186811,
          0.39386,
          -0.337492,
          -0.854167,
          -0.395596,
          0.0,
          0.0,
          0.0,
          0.0,
          1.0
        ],
        [
          -0.256759,
          -0.510912,
          0.820392,
          0.0,
          -0.913762,
          0.404837,
          -0.033862,
          0.39386,
          -0.314825,
          -0.758337,
          -0.570798,
          0.0,
          0.0,
          0.0,
          0.0,
          1.0
        ]
      ]
    },
    {
      "name": "Hand_L",
      "time": [
        0.0,
        0.1167,
        0.2333,
        0.3667,
        0.5
      ],
      "transform": [
        [
          1.0,
          -0.0,
          0.0,
          -0.0,
          0.0,
          0.822084,
          -0.569367,
          0.300003,
          0.0,
          0.569367,
          0.822084,
          0.0,
          0.0,
          0.0,
          0.0,
          1.0
        ],
        [
          1.0,
          -0.0,
          0.0,
          -0.0,
          0.0,
          -0.211799,
          -0.977314,
          0.300003,
          0.0,
          0.977314,
          -0.211799,
          0.0,
          0.0,
          0.0,
          0.0,
          1.0
        ],
        [
          1.0,
          -0.0,
          0.0,
          0.0,
          0.0,
          -0.165844,
          -0.986153,
          0.300003,
          0.0,
          0.986152,
          -0.165844,
          0.0,
          0.0,
          0.0,
          0.0,
          1.0
        ],
        [
          1.0,
          -0.0,
          0.0,
          -0.0,
          0.0,
          -0.227977,
          -0.973667,
          0.300003,
          0.0,
          0.973667,
          -0.227977,
          -0.0,
          0.0,
          0.0,
          0.0,
          1.0
        ],
        [
          1.0,
          -0.0,
          0.0,
          -0.0,
          0.0,
          0.822084,
          -0.569367,
          0.300003,
          0.0,
          0.569367,
          0.822084,
          0.0,
          0.0,
          0.0,
          0.0,
          1.0
        ]
      ]
    },
    {
      "name": "Tool_L",
      "time": [
        0.0,
        0.1167,
        0.2333,
        0.3667,
        0.5
      ],
      "transform": [
        [
          1.0,
          -0.0,
          0.0,
          -0.0,
          -0.0,
          -0.999559,
          -0.029689,
          0.271711,
          0.0,
          0.029689,
          -0.99956,
          -0.028915,
          0.0,
          0.0,
          0.0,
          1.0
        ],
        [
          1.0,
          -0.0,
          0.0,
          0.0,
          0.0,
          -0.999559,
          -0.029689,
          0.271711,
          0.0,
          0.029689,
          -0.999559,
          -0.028915,
          0.0,
          0.0,
          0.0,
          1.0
        ],
        [
          1.0,
          -0.0,
          0.0,
          0.0,
          -0.0,
          -0.999559,
          -0.029689,
          0.271711,
          0.0,
          0.029689,
          -0.999559,
          -0.028915,
          0.0,
          0.0,
          0.0,
          1.0
        ],
        [
          1.0,
          -0.0,
          0.0,
          0.0,
          0.0,
          -0.999559,
          -0.029689,
          0.271711,
          0.0,
          0.029689,
          -0.99956,
          -0.028915,
          0.0,
          0.0,
          0.0,
          1.0
        ],
        [
          1.0,
          -0.0,
          0.0,
          -0.0,
          -0.0,
          -0.999559,
          -0.029689,
          0.271711,
          0.0,
          0.029689,
          -0.99956,
          -0.028915,
          0.0,
          0.0,
          0.0,
          1.0
        ]
      ]
    },
    {
      "name": "Elbow_L",
      "time": [
        0.0,
        0.5
      ],
      "transform": [
        [
          -1.0,
          0.0,
          -0.0,
          0.0,
          0.0,
          0.003946,
          -0.999992,
          0.355962,
          -0.0,
          -0.999993,
          -0.003946,
          -0.001031,
          0.0,
          0.0,
          0.0,
          1.0
        ],
        [
          -1.0,
          0.0,
          -0.0,
          0.0,
          0.0,
          0.003946,
          -0.999992,
          0.355962,
          -0.0,
          -0.999993,
          -0.003946,
          -0.001031,
          0.0,
          0.0,
          0.0,
          1.0
        ]
      ]
    },
    {
      "name": "IK-Thigh_R",
      "time": [
        0.0,
        0.1167,
        0.2333,
        0.3667,
        0.5
      ],
      "transform": [
        [
          1.0,
          -1.3e-05,
          4e-06,
          0.124994,
          -1e-05,
          -0.509296,
          0.860591,
          0.013517,
          -9e-06,
          -0.860592,
          -0.509296,
          -0.057228,
          0.0,
          0.0,
          0.0,
          1.0
        ],
        [
          1.0,
          -1e-06,
          -0.0,
          0.124994,
          -1e-06,
          -0.959851,
          0.280511,
          -0.002663,
          -1e-06,
          -0.280511,
          -0.959851,
          -0.012732,
          0.0,
          0.0,
          0.0,
          1.0
        ],
        [
          1.0,
          -0.0,
          -0.0,
          0.124994,
          -0.0,
          -0.865906,
          -0.500207,
          0.013517,
          -0.0,
          0.500207,
          -0.865906,
          -0.057228,
          0.0,
          0.0,
          0.0,
          1.0
        ],
        [
          1.0,
          -1.7e-05,
          8e-06,
          0.124994,
          -1.8e-05,
          -0.859704,
          0.510792,
          0.001867,
          -1e-06,
          -0.510792,
          -0.859704,
          -0.016454,
          0.0,
          0.0,
          0.0,
          1.0
        ],
        [
          1.0,
          -1.3e-05,
          4e-06,
          0.124994,
          -1e-05,
          -0.509296,
          0.860591,
          0.013517,
          -9e-06,
          -0.860592,
          -0.509296,
          -0.057228,
          0.0,
          0.0,
          0.0,
          1.0
        ]
      ]
    },
    {
      "name": "IK-Leg_R",
      "time": [
        0.0,
        0.5
      ],
      "transform": [
        [
          1.0,
          2e-05,
          1.6e-05,
          -0.0,
          -2.1e-05,
          0.253105,
          0.967439,
          0.374726,
          1.5e-05,
          -0.967439,
          0.253105,
          0.0,
          0.0,
          0.0,
          0.0,
          1.0
        ],
        [
          1.0,
          2e-05,
          1.6e-05,
          -0.0,
          -2.1e-05,
          0.253105,
          0.967439,
          0.374726,
          1.5e-05,
          -0.967439,
          0.253105,
          0.0,
          0.0,
          0.0,
          0.0,
          1.0
        ]
      ]
    },
    {
      "name": "IK-Thigh_L",
      "time": [
        0.0,
        0.1167,
        0.2333,
        0.3667,
        0.5
      ],
      "transform": [
        [
          1.0,
          -1e-06,
          -0.0,
          -0.125006,
          -1e-06,
          -0.959592,
          -0.281396,
          -0.000466,
          0.0,
          0.281396,
          -0.959592,
          0.070941,
          0.0,
          0.0,
          0.0,
          1.0
        ],
        [
          1.0,
          -1.6e-05,
          7e-06,
          -0.125006,
          -1.7e-05,
          -0.805616,
          0.592438,
          0.04403,
          -4e-06,
          -0.592438,
          -0.805616,
          0.03049,
          0.0,
          0.0,
          0.0,
          1.0
        ],
        [
          1.0,
          -1.4e-05,
          5e-06,
          -0.125006,
          -1.1e-05,
          -0.407162,
          0.913356,
          -0.000466,
          -1.1e-05,
          -0.913356,
          -0.407162,
          0.070941,
          0.0,
          0.0,
          0.0,
          1.0
        ],
        [
          1.0,
          -0.0,
          -0.0,
          -0.125006,
          -0.0,
          -0.922148,
          0.386838,
          -0.000466,
          -0.0,
          -0.386838,
          -0.922148,
          0.070941,
          0.0,
          0.0,
          0.0,
          1.0
        ],
        [
          1.0,
          -1e-06,
          -0.0,
          -0.125006,
          -1e-06,
          -0.959592,
          -0.281396,
          -0.000466,
          0.0,
          0.281396,
          -0.959592,
          0.070941,
          0.0,
          0.0,
          0.0,
          1.0
        ]
      ]
    }
  ]
}