{
    "animation": [
        {
            "name": "Root",
            "time": [0.0, 0.25, 0.5, 0.75, 1.0],
            "transform": [
                [1.0, 0.0, 0.0, -5e-06, 0.0, 0.0, -1.0, -0.079859, 0.0, 1.0, 0.0, 0.531676, 0.0, 0.0, 0.0, 1.0],
                [1.0, 0.0, 0.0, -5e-06, 0.0, 0.0, -1.0, -0.079859, 0.0, 1.0, 0.0, 0.706577, 0.0, 0.0, 0.0, 1.0],
                [1.0, 0.0, 0.0, -5e-06, 0.0, 0.0, -1.0, -0.079859, 0.0, 1.0, 0.0, 0.531676, 0.0, 0.0, 0.0, 1.0],
                [1.0, 0.0, 0.0, -5e-06, 0.0, 0.0, -1.0, -0.079859, 0.0, 1.0, 0.0, 0.689651, 0.0, 0.0, 0.0, 1.0],
                [1.0, 0.0, 0.0, -5e-06, 0.0, 0.0, -1.0, -0.079859, 0.0, 1.0, 0.0, 0.531676, 0.0, 0.0, 0.0, 1.0]
            ]
        },
        {
            "name": "Thigh_R",
            "time": [0.0, 0.25, 0.5, 0.75, 1.0],
            "transform": [
                [0.999323, 0.034407, 0.012995, 0.11206, 0.036398, -0.975929, -0.21503, -0.005932, 0.005284, 0.215358, -0.976521, 0.061298, 0.0, 0.0, 0.0, 1.0],
                [0.999176, 0.030638, -0.026611, 0.11206, 0.040489, -0.708557, 0.704491, 0.018814, 0.002729, -0.704988, -0.709214, 0.070221, 0.0, 0.0, 0.0, 1.0],
                [0.999798, 0.017469, -0.009975, 0.11206, 0.017173, -0.482918, 0.875497, 0.04356, 0.010477, -0.875492, -0.48312, 0.079144, 0.0, 0.0, 0.0, 1.0],
                [0.999807, 0.01917, 0.004204, 0.11206, 0.015875, -0.915934, 0.401015, 0.018814, 0.011538, -0.400871, -0.916062, 0.070221, 0.0, 0.0, 0.0, 1.0],
                [0.999323, 0.034407, 0.012995, 0.11206, 0.036398, -0.975929, -0.21503, -0.005932, 0.005284, 0.215358, -0.976521, 0.061298, 0.0, 0.0, 0.0, 1.0]
            ]
        },
        {
            "name": "Leg_R",
            "time": [0.0, 0.25, 0.5, 0.75, 1.0],
            "transform": [
                [1.0, 2e-05, 1.4e-05, -0.0, -2e-05, 0.343933, 0.938994, 0.374726, 1.3e-05, -0.938994, 0.343933, 0.0, 0.0, 0.0, 0.0, 1.0],
                [1.0, 1.7e-05, 3.4e-05, 0.0, -1.8e-05, -0.590158, 0.807288, 0.374726, 3.4e-05, -0.807288, -0.590158, -0.0, 0.0, 0.0, 0.0, 1.0],
                [1.0, 1.9e-05, 1.3e-05, -0.0, -2e-05, 0.43312, 0.901336, 0.374726, 1.2e-05, -0.901336, 0.43312, 0.0, 0.0, 0.0, 0.0, 1.0],
                [1.0, 1e-05, 3e-06, 0.0, -1e-05, 0.879768, 0.475403, 0.374726, 2e-06, -0.475403, 0.879768, 0.0, 0.0, 0.0, 0.0, 1.0],
                [1.0, 2e-05, 1.4e-05, -0.0, -2e-05, 0.343933, 0.938994, 0.374726, 1.3e-05, -0.938994, 0.343933, 0.0, 0.0, 0.0, 0.0, 1.0]
            ]
        },
        {
            "name": "Knee_R",
            "time": [0.0, 1.0],
            "transform": [
                [1.0, 0.0, -0.0, -0.0, -0.0, 0.00567, -0.999984, 0.446654, -0.0, 0.999984, 0.00567, -0.000408, 0.0, 0.0, 0.0, 1.0],
                [1.0, 0.0, -0.0, -0.0, -0.0, 0.00567, -0.999984, 0.446654, -0.0, 0.999984, 0.00567, -0.000408, 0.0, 0.0, 0.0, 1.0]
            ]
        },
        {
            "name": "Thigh_L",
            "time": [0.0, 0.25, 0.5, 0.75, 1.0],
            "transform": [
                [0.999694, 0.01241, 0.021377, -0.138947, -0.015002, -0.382738, 0.923735, 0.001114, 0.019645, -0.923774, -0.382435, 0.022415, 0.0, 0.0, 0.0, 1.0],
                [0.999812, 0.001672, 0.019338, -0.138947, -0.004173, -0.954466, 0.298291, 0.023326, 0.018957, -0.298315, -0.954279, -0.031928, 0.0, 0.0, 0.0, 1.0],
                [0.999781, 0.008237, 0.019222, -0.138947, 0.01378, -0.950863, -0.309305, 0.045537, 0.01573, 0.309502, -0.950769, -0.08627, 0.0, 0.0, 0.0, 1.0],
                [0.999843, 0.013773, 0.011126, -0.138947, 0.002282, -0.723391, 0.690435, 0.023326, 0.017557, -0.690301, -0.723309, -0.031927, 0.0, 0.0, 0.0, 1.0],
                [0.999694, 0.01241, 0.021377, -0.138947, -0.015002, -0.382738, 0.923735, 0.001114, 0.019645, -0.923774, -0.382435, 0.022415, 0.0, 0.0, 0.0, 1.0]
            ]
        },
        {
            "name": "Leg_L",
            "time": [0.0, 0.25, 0.5, 0.75, 1.0],
            "transform": [
                [1.0, 1.9e-05, 1.4e-05, -0.0, -2e-05, 0.390591, 0.920564, 0.374726, 1.3e-05, -0.920564, 0.390591, 0.0, 0.0, 0.0, 0.0, 1.0],
                [1.0, 6e-06, 2e-06, -0.0, -6e-06, 0.955779, 0.294086, 0.374726, 0.0, -0.294086, 0.955779, -0.0, 0.0, 0.0, 0.0, 1.0],
                [1.0, 1.7e-05, 9e-06, 0.0, -1.8e-05, 0.590031, 0.80738, 0.374726, 8e-06, -0.807381, 0.590031, 0.0, 0.0, 0.0, 0.0, 1.0],
                [1.0, 1.9e-05, 3.1e-05, -0.0, -1.9e-05, -0.457421, 0.88925, 0.374726, 3.1e-05, -0.88925, -0.457422, -0.0, 0.0, 0.0, 0.0, 1.0],
                [1.0, 1.9e-05, 1.4e-05, -0.0, -2e-05, 0.390591, 0.920564, 0.374726, 1.3e-05, -0.920564, 0.390591, 0.0, 0.0, 0.0, 0.0, 1.0]
            ]
        },
        {
            "name": "Knee_L",
            "time": [0.0, 1.0],
            "transform": [
                [1.0, 0.0, -0.0, 0.0, -0.0, 0.00567, -0.999984, 0.441384, -0.0, 0.999984, 0.00567, -0.000378, 0.0, 0.0, 0.0, 1.0],
                [1.0, 0.0, -0.0, 0.0, -0.0, 0.00567, -0.999984, 0.441384, -0.0, 0.999984, 0.00567, -0.000378, 0.0, 0.0, 0.0, 1.0]
            ]
        },
        {
            "name": "Torso",
            "time": [0.0, 0.25, 0.5, 0.75, 1.0],
            "transform": [
                [0.919626, -0.056034, 0.388778, 0.0, -0.016774, 0.983268, 0.181394, 0.05, -0.392437, -0.173336, 0.903298, 0.0, 0.0, 0.0, 0.0, 1.0],
                [0.999859, 0.016616, 0.002391, 0.0, -0.016774, 0.983268, 0.181394, 0.05, 0.000663, -0.181409, 0.983408, 0.0, 0.0, 0.0, 0.0, 1.0],
                [0.919105, 0.08659, -0.38438, 0.0, -0.016774, 0.983268, 0.181394, 0.05, 0.393655, -0.160273, 0.905179, 0.0, 0.0, 0.0, 0.0, 1.0],
                [0.999859, 0.016616, 0.002391, 0.0, -0.016774, 0.983268, 0.181394, 0.05, 0.000663, -0.181409, 0.983408, 0.0, 0.0, 0.0, 0.0, 1.0],
                [0.919626, -0.056034, 0.388778, 0.0, -0.016774, 0.983268, 0.181394, 0.05, -0.392437, -0.173336, 0.903298, 0.0, 0.0, 0.0, 0.0, 1.0]
            ]
        },
        {
            "name": "Chest",
            "time": [0.0, 0.25, 0.5, 0.75, 1.0],
            "transform": [
                [0.999334, -0.035472, -0.008546, 0.0, 0.036364, 0.949067, 0.31297, 0.3, -0.002991, -0.313073, 0.949725, -0.0, 0.0, 0.0, 0.0, 1.0],
                [0.918559, 0.159552, -0.361652, -0.0, -0.038147, 0.946429, 0.320651, 0.3, 0.393438, -0.280741, 0.875438, 0.0, 0.0, 0.0, 0.0, 1.0],
                [0.682229, 0.325075, -0.654897, -0.0, -0.10313, 0.929552, 0.353973, 0.3, 0.723828, -0.173952, 0.667693, 0.0, 0.0, 0.0, 0.0, 1.0],
                [0.918559, 0.159552, -0.361652, -0.0, -0.038147, 0.946429, 0.320651, 0.3, 0.393438, -0.280741, 0.875438, 0.0, 0.0, 0.0, 0.0, 1.0],
                [0.999334, -0.035472, -0.008546, 0.0, 0.036364, 0.949067, 0.31297, 0.3, -0.002991, -0.313073, 0.949725, -0.0, 0.0, 0.0, 0.0, 1.0]
            ]
        },
        {
            "name": "Head",
            "time": [0.0, 0.25, 0.5, 0.75, 1.0],
            "transform": [
                [0.908381, 0.020766, -0.417627, 0.0, -0.222435, 0.869723, -0.440572, 0.4, 0.354071, 0.493103, 0.794659, -0.0, 0.0, 0.0, 0.0, 1.0],
                [0.929622, 0.030775, 0.367227, 0.0, 0.154216, 0.872564, -0.463517, 0.4, -0.334694, 0.487528, 0.806409, 0.0, 0.0, 0.0, 0.0, 1.0],
                [0.377418, 0.033182, 0.925448, -0.0, 0.43126, 0.878075, -0.207361, 0.4, -0.819494, 0.477371, 0.317091, -0.0, 0.0, 0.0, 0.0, 1.0],
                [0.929622, 0.030775, 0.367227, 0.0, 0.154216, 0.872564, -0.463517, 0.4, -0.334694, 0.487528, 0.806409, 0.0, 0.0, 0.0, 0.0, 1.0],
                [0.908381, 0.020766, -0.417627, 0.0, -0.222435, 0.869723, -0.440572, 0.4, 0.354071, 0.493103, 0.794659, -0.0, 0.0, 0.0, 0.0, 1.0]
            ]
        },
        {
            "name": "Shoulder_R",
            "time": [0.0, 0.25, 0.5, 0.75, 1.0],
            "transform": [
                [0.0, 0.952114, 0.305743, -0.036552, -0.0, -0.305743, 0.952114, 0.362644, 1.0, 0.0, -0.0, 0.045036, 0.0, 0.0, 0.0, 1.0],
                [0.0, 0.952114, 0.305743, -0.043956, -0.0, -0.305743, 0.952114, 0.345642, 1.0, -0.0, -0.0, 0.001741, 0.0, 0.0, 0.0, 1.0],
                [0.0, 0.952114, 0.305743, -0.037322, -0.0, -0.305743, 0.952114, 0.387038, 1.0, 0.0, -0.0, -0.086022, 0.0, 0.0, 0.0, 1.0],
                [0.0, 0.952114, 0.305743, -0.019382, 0.0, -0.305743, 0.952114, 0.343126, 1.0, -0.0, 0.0, -0.018134, 0.0, 0.0, 0.0, 1.0],
                [0.0, 0.952114, 0.305743, -0.036552, -0.0, -0.305743, 0.952114, 0.362644, 1.0, 0.0, -0.0, 0.045036, 0.0, 0.0, 0.0, 1.0]
            ]
        },
        {
            "name": "Arm_R",
            "time": [0.0, 0.25, 0.5, 0.75, 1.0],
            "transform": [
                [0.08444, -0.865138, -0.494375, 0.0, 0.983492, 0.15205, -0.098099, 0.39386, 0.160039, -0.477931, 0.863695, 0.0, 0.0, 0.0, 0.0, 1.0],
                [-0.571279, -0.820351, 0.025799, -0.0, 0.692359, -0.498552, -0.521618, 0.393861, 0.440772, -0.280127, 0.852789, -0.0, 0.0, 0.0, 0.0, 1.0],
                [-0.842545, -0.512228, 0.166557, -0.0, 0.101557, -0.454754, -0.884809, 0.393861, 0.528966, -0.728576, 0.43517, 0.0, 0.0, 0.0, 0.0, 1.0],
                [-0.630854, -0.771425, -0.083227, 0.0, 0.658083, -0.47515, -0.584089, 0.39386, 0.411035, -0.423245, 0.807412, -0.0, 0.0, 0.0, 0.0, 1.0],
                [0.08444, -0.865138, -0.494375, 0.0, 0.983492, 0.15205, -0.098099, 0.39386, 0.160039, -0.477931, 0.863695, 0.0, 0.0, 0.0, 0.0, 1.0]
            ]
        },
        {
            "name": "Hand_R",
            "time": [0.0, 0.25, 0.5, 0.75, 1.0],
            "transform": [
                [1.0, -4e-06, 2e-06, 0.0, 4e-06, 0.606756, -0.794888, 0.300003, 2e-06, 0.794889, 0.606755, 0.0, 0.0, 0.0, 0.0, 1.0],
                [1.0, -1e-06, 0.0, -0.0, 1e-06, 0.850757, -0.525559, 0.300003, 0.0, 0.52556, 0.850757, 0.0, 0.0, 0.0, 0.0, 1.0],
                [1.0, -2e-06, 1e-06, -0.0, 2e-06, 0.587715, -0.809068, 0.300002, 1e-06, 0.809068, 0.587715, 0.0, 0.0, 0.0, 0.0, 1.0],
                [1.0, -2e-06, 1e-06, 0.0, 2e-06, 0.691215, -0.722649, 0.300003, 1e-06, 0.72265, 0.691215, -0.0, 0.0, 0.0, 0.0, 1.0],
                [1.0, -4e-06, 2e-06, 0.0, 4e-06, 0.606756, -0.794888, 0.300003, 2e-06, 0.794889, 0.606755, 0.0, 0.0, 0.0, 0.0, 1.0]
            ]
        },
        {
            "name": "Tool_R",
            "time": [0.0, 0.25, 0.5, 0.75, 1.0],
            "transform": [
                [0.970988, 0.237087, 0.031172, 0.000606, 0.238963, -0.966882, -0.089648, 0.262148, 0.008886, 0.094496, -0.995486, 0.132275, 0.0, 0.0, 0.0, 1.0],
                [0.970988, 0.237087, 0.031172, 0.000606, 0.238963, -0.966882, -0.089648, 0.262148, 0.008886, 0.094496, -0.995486, 0.132274, 0.0, 0.0, 0.0, 1.0],
                [0.970988, 0.237087, 0.031172, 0.000606, 0.238963, -0.966882, -0.089648, 0.262149, 0.008886, 0.094496, -0.995486, 0.132275, 0.0, 0.0, 0.0, 1.0],
                [0.970988, 0.237087, 0.031172, 0.000606, 0.238963, -0.966882, -0.089648, 0.262149, 0.008886, 0.094496, -0.995486, 0.132275, 0.0, 0.0, 0.0, 1.0],
                [0.970988, 0.237087, 0.031172, 0.000606, 0.238963, -0.966882, -0.089648, 0.262148, 0.008886, 0.094496, -0.995486, 0.132275, 0.0, 0.0, 0.0, 1.0]
            ]
        },
        {
            "name": "Elbow_R",
            "time": [0.0, 1.0],
            "transform": [
                [-1.0, 0.0, -0.0, -0.0, 0.0, 0.003946, -0.999992, 0.385301, -0.0, -0.999993, -0.003946, -0.000916, 0.0, 0.0, 0.0, 1.0],
                [-1.0, 0.0, -0.0, -0.0, 0.0, 0.003946, -0.999992, 0.385301, -0.0, -0.999993, -0.003946, -0.000916, 0.0, 0.0, 0.0, 1.0]
            ]
        },
        {
            "name": "Shoulder_L",
            "time": [0.0, 0.25, 0.5, 0.75, 1.0],
            "transform": [
                [-0.0, -0.952114, -0.305743, 0.027489, 0.0, -0.305743, 0.952114, 0.364915, -1.0, -0.0, 0.0, -0.004843, 0.0, 0.0, 0.0, 1.0],
                [-0.0, -0.952114, -0.305743, 0.027489, 0.0, -0.305743, 0.952114, 0.364914, -1.0, 0.0, 0.0, -0.004843, 0.0, 0.0, 0.0, 1.0],
                [-0.0, -0.952114, -0.305743, 0.027489, 0.0, -0.305743, 0.952114, 0.364915, -1.0, -0.0, 0.0, -0.004843, 0.0, 0.0, 0.0, 1.0],
                [-0.0, -0.952114, -0.305743, 0.027489, 0.0, -0.305743, 0.952114, 0.364915, -1.0, -0.0, 0.0, -0.004843, 0.0, 0.0, 0.0, 1.0],
                [-0.0, -0.952114, -0.305743, 0.027489, 0.0, -0.305743, 0.952114, 0.364915, -1.0, -0.0, 0.0, -0.004843, 0.0, 0.0, 0.0, 1.0]
            ]
        },
        {
            "name": "Arm_L",
            "time": [0.0, 0.25, 0.5, 0.75, 1.0],
            "transform": [
                [-0.383001, 0.273164, 0.882434, -0.0, -0.7695, 0.434154, -0.46838, 0.39386, -0.511057, -0.858423, 0.043918, 0.0, 0.0, 0.0, 0.0, 1.0],
                [0.351941, 0.004017, 0.936013, 0.0, -0.892626, 0.302395, 0.33433, 0.39386, -0.281703, -0.953174, 0.110012, -0.0, 0.0, 0.0, 0.0, 1.0],
                [0.64552, 0.410649, 0.643949, 0.0, -0.76328, 0.376212, 0.52523, 0.39386, -0.026576, -0.830561, 0.556294, -0.0, 0.0, 0.0, 0.0, 1.0],
                [-0.111825, 0.356533, 0.927566, 0.0, -0.971739, 0.156039, -0.177128, 0.39386, -0.207889, -0.921159, 0.329009, 0.0, 0.0, 0.0, 0.0, 1.0],
                [-0.383001, 0.273164, 0.882434, -0.0, -0.7695, 0.434154, -0.46838, 0.39386, -0.511057, -0.858423, 0.043918, 0.0, 0.0, 0.0, 0.0, 1.0]
            ]
        },
        {
            "name": "Hand_L",
            "time": [0.0, 0.25, 0.5, 0.75, 1.0],
            "transform": [
                [1.0, 0.0, 0.0, -0.0, -0.0, 0.939294, -0.343112, 0.300003, -0.0, 0.343112, 0.939294, -0.0, 0.0, 0.0, 0.0, 1.0],
                [1.0, -0.0, -0.0, -0.0, 0.0, 0.977199, -0.212325, 0.300003, -0.0, 0.212325, 0.977199, -0.0, 0.0, 0.0, 0.0, 1.0],
                [1.0, -0.0, 0.0, -0.0, 0.0, 0.905219, -0.424944, 0.300003, 0.0, 0.424944, 0.905219, -0.0, 0.0, 0.0, 0.0, 1.0],
                [1.0, -1e-06, 0.0, 0.0, 0.0, 0.969283, -0.245949, 0.300003, 0.0, 0.245949, 0.969283, 0.0, 0.0, 0.0, 0.0, 1.0],
                [1.0, 0.0, 0.0, -0.0, -0.0, 0.939294, -0.343112, 0.300003, -0.0, 0.343112, 0.939294, -0.0, 0.0, 0.0, 0.0, 1.0]
            ]
        },
        {
            "name": "Tool_L",
            "time": [0.0, 0.25, 0.5, 0.75, 1.0],
            "transform": [
                [1.0, -0.0, 0.0, -0.0, 0.0, -0.999559, -0.029689, 0.271711, 0.0, 0.029689, -0.99956, -0.028915, 0.0, 0.0, 0.0, 1.0],
                [1.0, -0.0, 0.0, -0.0, -0.0, -0.999559, -0.029689, 0.271711, 0.0, 0.029689, -0.99956, -0.028915, 0.0, 0.0, 0.0, 1.0],
                [1.0, -0.0, 0.0, 0.0, 0.0, -0.999559, -0.029689, 0.271711, 0.0, 0.029689, -0.99956, -0.028915, 0.0, 0.0, 0.0, 1.0],
                [1.0, -0.0, 0.0, 0.0, 0.0, -0.999559, -0.029689, 0.271711, 0.0, 0.029689, -0.99956, -0.028915, 0.0, 0.0, 0.0, 1.0],
                [1.0, -0.0, 0.0, -0.0, 0.0, -0.999559, -0.029689, 0.271711, 0.0, 0.029689, -0.99956, -0.028915, 0.0, 0.0, 0.0, 1.0]
            ]
        },
        {
            "name": "Elbow_L",
            "time": [0.0, 1.0],
            "transform": [
                [-1.0, 0.0, -0.0, 0.0, 0.0, 0.003946, -0.999992, 0.332018, -0.0, -0.999993, -0.003946, -0.001126, 0.0, 0.0, 0.0, 1.0],
                [-1.0, 0.0, -0.0, 0.0, 0.0, 0.003946, -0.999992, 0.332018, -0.0, -0.999993, -0.003946, -0.001126, 0.0, 0.0, 0.0, 1.0]
            ]
        },
        {
            "name": "IK-Thigh_R",
            "time": [0.0, 0.25, 0.5, 0.75, 1.0],
            "transform": [
                [0.999323, 0.034407, 0.012995, 0.11206, 0.036398, -0.975929, -0.21503, -0.005932, 0.005284, 0.215358, -0.976521, 0.061298, 0.0, 0.0, 0.0, 1.0],
                [0.999176, 0.030638, -0.026611, 0.11206, 0.040489, -0.708557, 0.704491, 0.018814, 0.002729, -0.704988, -0.709214, 0.070221, 0.0, 0.0, 0.0, 1.0],
                [0.999798, 0.017469, -0.009975, 0.11206, 0.017173, -0.482918, 0.875497, 0.04356, 0.010477, -0.875492, -0.48312, 0.079144, 0.0, 0.0, 0.0, 1.0],
                [0.999807, 0.01917, 0.004204, 0.11206, 0.015875, -0.915934, 0.401015, 0.018814, 0.011538, -0.400871, -0.916062, 0.070221, 0.0, 0.0, 0.0, 1.0],
                [0.999323, 0.034407, 0.012995, 0.11206, 0.036398, -0.975929, -0.21503, -0.005932, 0.005284, 0.215358, -0.976521, 0.061298, 0.0, 0.0, 0.0, 1.0]
            ]
        },
        {
            "name": "IK-Leg_R",
            "time": [0.0, 1.0],
            "transform": [
                [1.0, 2e-05, 1.4e-05, -0.0, -2e-05, 0.343933, 0.938994, 0.374726, 1.3e-05, -0.938994, 0.343933, 0.0, 0.0, 0.0, 0.0, 1.0],
                [1.0, 2e-05, 1.4e-05, -0.0, -2e-05, 0.343933, 0.938994, 0.374726, 1.3e-05, -0.938994, 0.343933, 0.0, 0.0, 0.0, 0.0, 1.0]
            ]
        },
        {
            "name": "IK-Thigh_L",
            "time": [0.0, 0.25, 0.5, 0.75, 1.0],
            "transform": [
                [0.999694, 0.01241, 0.021377, -0.138947, -0.015002, -0.382738, 0.923735, 0.001114, 0.019645, -0.923774, -0.382435, 0.022415, 0.0, 0.0, 0.0, 1.0],
                [0.999812, 0.001672, 0.019338, -0.138947, -0.004173, -0.954466, 0.298291, 0.023326, 0.018957, -0.298315, -0.954279, -0.031928, 0.0, 0.0, 0.0, 1.0],
                [0.999781, 0.008237, 0.019222, -0.138947, 0.01378, -0.950863, -0.309305, 0.045537, 0.01573, 0.309502, -0.950769, -0.08627, 0.0, 0.0, 0.0, 1.0],
                [0.999843, 0.013773, 0.011126, -0.138947, 0.002282, -0.723391, 0.690435, 0.023326, 0.017557, -0.690301, -0.723309, -0.031927, 0.0, 0.0, 0.0, 1.0],
                [0.999694, 0.01241, 0.021377, -0.138947, -0.015002, -0.382738, 0.923735, 0.001114, 0.019645, -0.923774, -0.382435, 0.022415, 0.0, 0.0, 0.0, 1.0]
            ]
        }
    ]
}