{
  "animation": [
    {
      "name": "Root",
      "time": [
        0.0,
        0.5,
        1.0,
        1.5,
        2.0
      ],
      "transform": [
        [
          1.0,
          0.0,
          0.0,
          -5e-06,
          0.0,
          0.0,
          -1.0,
          0.000946,
          0.0,
          1.0,
          0.0,
          0.486625,
          0.0,
          0.0,
          0.0,
          1.0
        ],
        [
          1.0,
          0.0,
          0.0,
          -5e-06,
          0.0,
          0.0,
          -1.0,
          0.000946,
          0.0,
          1.0,
          0.0,
          0.712372,
          0.0,
          0.0,
          0.0,
          1.0
        ],
        [
          1.0,
          0.0,
          0.0,
          -5e-06,
          0.0,
          0.0,
          -1.0,
          0.000946,
          0.0,
          1.0,
          0.0,
          0.486625,
          0.0,
          0.0,
          0.0,
          1.0
        ],
        [
          1.0,
          0.0,
          0.0,
          -5e-06,
          0.0,
          0.0,
          -1.0,
          0.000946,
          0.0,
          1.0,
          0.0,
          0.718822,
          0.0,
          0.0,
          0.0,
          1.0
        ],
        [
          1.0,
          0.0,
          0.0,
          -5e-06,
          0.0,
          0.0,
          -1.0,
          0.000946,
          0.0,
          1.0,
          0.0,
          0.486625,
          0.0,
          0.0,
          0.0,
          1.0
        ]
      ]
    },
    {
      "name": "Thigh_R",
      "time": [
        0.0,
        0.5,
        1.0,
        1.5,
        2.0
      ],
      "transform": [
        [
          1.0,
          -1.3e-05,
          4e-06,
          0.124994,
          -8e-06,
          -0.27708,
          0.960847,
          -0.002831,
          -1.1e-05,
          -0.960847,
          -0.27708,
          -1.2e-05,
          0.0,
          0.0,
          0.0,
          1.0
        ],
        [
          1.0,
          -3e-06,
          0.0,
          0.124994,
          -3e-06,
          -0.98751,
          0.157559,
          -0.002831,
          -0.0,
          -0.157559,
          -0.98751,
          -1.2e-05,
          0.0,
          0.0,
          0.0,
          1.0
        ],
        [
          1.0,
          -1.4e-05,
          5e-06,
          0.124994,
          -1.3e-05,
          -0.98234,
          -0.187108,
          -0.002831,
          7e-06,
          0.187108,
          -0.98234,
          -1.2e-05,
          0.0,
          0.0,
          0.0,
          1.0
        ],
        [
          1.0,
          -1.7e-05,
          9e-06,
          0.124994,
          -1.8e-05,
          -0.642818,
          0.766019,
          -0.002831,
          -7e-06,
          -0.766019,
          -0.642818,
          -1.2e-05,
          0.0,
          0.0,
          0.0,
          1.0
        ],
        [
          1.0,
          -1.3e-05,
          4e-06,
          0.124994,
          -8e-06,
          -0.27708,
          0.960847,
          -0.002831,
          -1.1e-05,
          -0.960847,
          -0.27708,
          -1.2e-05,
          0.0,
          0.0,
          0.0,
          1.0
        ]
      ]
    },
    {
      "name": "Leg_R",
      "time": [
        0.0,
        0.5,
        1.0,
        1.5,
        2.0
      ],
      "transform": [
        [
          1.0,
          2e-05,
          1.6e-05,
          0.0,
          -2.1e-05,
          0.280017,
          0.959995,
          0.374726,
          1.5e-05,
          -0.959995,
          0.280017,
          -0.0,
          0.0,
          0.0,
          0.0,
          1.0
        ],
        [
          1.0,
          5e-06,
          1e-06,
          0.0,
          -5e-06,
          0.967508,
          0.25284,
          0.374726,
          -0.0,
          -0.25284,
          0.967508,
          -0.0,
          0.0,
          0.0,
          0.0,
          1.0
        ],
        [
          1.0,
          2.1e-05,
          1.8e-05,
          0.0,
          -2.1e-05,
          0.173035,
          0.984915,
          0.374726,
          1.7e-05,
          -0.984916,
          0.173035,
          -0.0,
          0.0,
          0.0,
          0.0,
          1.0
        ],
        [
          1.0,
          2e-05,
          2.9e-05,
          0.0,
          -2e-05,
          -0.36359,
          0.931559,
          0.374726,
          2.9e-05,
          -0.931559,
          -0.36359,
          -0.0,
          0.0,
          0.0,
          0.0,
          1.0
        ],
        [
          1.0,
          2e-05,
          1.6e-05,
          0.0,
          -2.1e-05,
          0.280017,
          0.959995,
          0.374726,
          1.5e-05,
          -0.959995,
          0.280017,
          -0.0,
          0.0,
          0.0,
          0.0,
          1.0
        ]
      ]
    },
    {
      "name": "Knee_R",
      "time": [
        0.0,
        2.0
      ],
      "transform": [
        [
          1.0,
          0.0,
          -0.0,
          0.0,
          -0.0,
          0.00567,
          -0.999984,
          0.453722,
          -0.0,
          0.999984,
          0.00567,
          -0.000448,
          0.0,
          0.0,
          0.0,
          1.0
        ],
        [
          1.0,
          0.0,
          -0.0,
          0.0,
          -0.0,
          0.00567,
          -0.999984,
          0.453722,
          -0.0,
          0.999984,
          0.00567,
          -0.000448,
          0.0,
          0.0,
          0.0,
          1.0
        ]
      ]
    },
    {
      "name": "Thigh_L",
      "time": [
        0.0,
        0.5,
        1.0,
        1.5,
        2.0
      ],
      "transform": [
        [
          1.0,
          -1.5e-05,
          6e-06,
          -0.125006,
          -1.5e-05,
          -0.999811,
          0.019434,
          -0.002831,
          6e-06,
          -0.019434,
          -0.999811,
          -1.2e-05,
          0.0,
          0.0,
          0.0,
          1.0
        ],
        [
          1.0,
          -1.7e-05,
          9e-06,
          -0.125006,
          -1.7e-05,
          -0.565226,
          0.824937,
          -0.002831,
          -9e-06,
          -0.824937,
          -0.565225,
          -1.2e-05,
          0.0,
          0.0,
          0.0,
          1.0
        ],
        [
          1.0,
          -1.3e-05,
          3e-06,
          -0.125006,
          -7e-06,
          -0.277363,
          0.960765,
          -0.002831,
          -1.2e-05,
          -0.960766,
          -0.277363,
          -1.2e-05,
          0.0,
          0.0,
          0.0,
          1.0
        ],
        [
          1.0,
          -5e-06,
          1e-06,
          -0.125006,
          -5e-06,
          -0.946503,
          0.322697,
          -0.002831,
          -1e-06,
          -0.322697,
          -0.946503,
          -1.2e-05,
          0.0,
          0.0,
          0.0,
          1.0
        ],
        [
          1.0,
          -1.5e-05,
          6e-06,
          -0.125006,
          -1.5e-05,
          -0.999811,
          0.019434,
          -0.002831,
          6e-06,
          -0.019434,
          -0.999811,
          -1.2e-05,
          0.0,
          0.0,
          0.0,
          1.0
        ]
      ]
    },
    {
      "name": "Leg_L",
      "time": [
        0.0,
        0.5,
        1.0,
        1.5,
        2.0
      ],
      "transform": [
        [
          1.0,
          2.1e-05,
          2.2e-05,
          -0.0,
          -2.2e-05,
          -0.033988,
          0.999422,
          0.374726,
          2.2e-05,
          -0.999422,
          -0.033988,
          -0.0,
          0.0,
          0.0,
          0.0,
          1.0
        ],
        [
          1.0,
          2e-05,
          2.9e-05,
          -0.0,
          -2e-05,
          -0.360153,
          0.932893,
          0.374726,
          2.9e-05,
          -0.932893,
          -0.360153,
          -0.0,
          0.0,
          0.0,
          0.0,
          1.0
        ],
        [
          1.0,
          2e-05,
          1.5e-05,
          -0.0,
          -2.1e-05,
          0.296884,
          0.954913,
          0.374726,
          1.5e-05,
          -0.954914,
          0.296884,
          -0.0,
          0.0,
          0.0,
          0.0,
          1.0
        ],
        [
          1.0,
          9e-06,
          3e-06,
          -0.0,
          -9e-06,
          0.902654,
          0.430367,
          0.374726,
          1e-06,
          -0.430367,
          0.902654,
          -0.0,
          0.0,
          0.0,
          0.0,
          1.0
        ],
        [
          1.0,
          2.1e-05,
          2.2e-05,
          -0.0,
          -2.2e-05,
          -0.033988,
          0.999422,
          0.374726,
          2.2e-05,
          -0.999422,
          -0.033988,
          -0.0,
          0.0,
          0.0,
          0.0,
          1.0
        ]
      ]
    },
    {
      "name": "Knee_L",
      "time": [
        0.0,
        2.0
      ],
      "transform": [
        [
          1.0,
          0.0,
          -0.0,
          0.0,
          -0.0,
          0.00567,
          -0.999984,
          0.484724,
          -0.0,
          0.999984,
          0.00567,
          -0.000624,
          0.0,
          0.0,
          0.0,
          1.0
        ],
        [
          1.0,
          0.0,
          -0.0,
          0.0,
          -0.0,
          0.00567,
          -0.999984,
          0.484724,
          -0.0,
          0.999984,
          0.00567,
          -0.000624,
          0.0,
          0.0,
          0.0,
          1.0
        ]
      ]
    },
    {
      "name": "Torso",
      "time": [
        0.0,
        0.5,
        1.0,
        1.5,
        2.0
      ],
      "transform": [
        [
          1.0,
          0.0,
          0.0,
          0.0,
          0.0,
          1.0,
          0.0,
          0.05,
          0.0,
          0.0,
          1.0,
          0.0,
          0.0,
          0.0,
          0.0,
          1.0
        ],
        [
          1.0,
          0.0,
          0.0,
          0.0,
          0.0,
          1.0,
          0.0,
          0.05,
          0.0,
          0.0,
          1.0,
          0.0,
          0.0,
          0.0,
          0.0,
          1.0
        ],
        [
          1.0,
          0.0,
          0.0,
          0.0,
          0.0,
          1.0,
          0.0,
          0.05,
          0.0,
          0.0,
          1.0,
          0.0,
          0.0,
          0.0,
          0.0,
          1.0
        ],
        [
          1.0,
          0.0,
          0.0,
          0.0,
          0.0,
          1.0,
          0.0,
          0.05,
          0.0,
          0.0,
          1.0,
          0.0,
          0.0,
          0.0,
          0.0,
          1.0
        ],
        [
          1.0,
          0.0,
          0.0,
          0.0,
          0.0,
          1.0,
          0.0,
          0.05,
          0.0,
          0.0,
          1.0,
          0.0,
          0.0,
          0.0,
          0.0,
          1.0
        ]
      ]
    },
    {
      "name": "Chest",
      "time": [
        0.0,
        0.5,
        1.0,
        1.5,
        2.0
      ],
      "transform": [
        [
          1.0,
          0.0,
          -0.0,
          0.0,
          -0.0,
          0.998907,
          -0.046751,
          0.3,
          -0.0,
          0.046751,
          0.998907,
          0.0,
          0.0,
          0.0,
          0.0,
          1.0
        ],
        [
          1.0,
          0.0,
          -0.0,
          0.0,
          -0.0,
          0.989898,
          -0.141783,
          0.3,
          -0.0,
          0.141783,
          0.989898,
          0.0,
          0.0,
          0.0,
          0.0,
          1.0
        ],
        [
          1.0,
          0.0,
          -0.0,
          0.0,
          -0.0,
          0.998907,
          -0.046751,
          0.3,
          -0.0,
          0.046751,
          0.998907,
          0.0,
          0.0,
          0.0,
          0.0,
          1.0
        ],
        [
          1.0,
          0.0,
          -0.0,
          0.0,
          -0.0,
          0.982791,
          -0.184723,
          0.3,
          -0.0,
          0.184723,
          0.982791,
          0.0,
          0.0,
          0.0,
          0.0,
          1.0
        ],
        [
          1.0,
          0.0,
          -0.0,
          0.0,
          -0.0,
          0.998907,
          -0.046751,
          0.3,
          -0.0,
          0.046751,
          0.998907,
          0.0,
          0.0,
          0.0,
          0.0,
          1.0
        ]
      ]
    },
    {
      "name": "Head",
      "time": [
        0.0,
        0.5,
        1.0,
        1.5,
        2.0
      ],
      "transform": [
        [
          1.0,
          0.0,
          -0.0,
          -0.0,
          -0.0,
          0.999348,
          -0.036092,
          0.4,
          -0.0,
          0.036092,
          0.999348,
          0.0,
          0.0,
          0.0,
          0.0,
          1.0
        ],
        [
          1.0,
          0.0,
          -0.0,
          -0.0,
          -0.0,
          0.999349,
          -0.036092,
          0.4,
          -0.0,
          0.036092,
          0.999348,
          -0.0,
          0.0,
          0.0,
          0.0,
          1.0
        ],
        [
          1.0,
          0.0,
          -0.0,
          -0.0,
          -0.0,
          0.999348,
          -0.036092,
          0.4,
          -0.0,
          0.036092,
          0.999348,
          0.0,
          0.0,
          0.0,
          0.0,
          1.0
        ],
        [
          1.0,
          0.0,
          -0.0,
          0.0,
          -0.0,
          0.999348,
          -0.036092,
          0.4,
          -0.0,
          0.036092,
          0.999348,
          -0.0,
          0.0,
          0.0,
          0.0,
          1.0
        ],
        [
          1.0,
          0.0,
          -0.0,
          -0.0,
          -0.0,
          0.999348,
          -0.036092,
          0.4,
          -0.0,
          0.036092,
          0.999348,
          0.0,
          0.0,
          0.0,
          0.0,
          1.0
        ]
      ]
    },
    {
      "name": "Shoulder_R",
      "time": [
        0.0,
        0.5,
        1.0,
        1.5,
        2.0
      ],
      "transform": [
        [
          0.0,
          0.952114,
          0.305743,
          -0.0,
          0.0,
          -0.305743,
          0.952114,
          0.4,
          1.0,
          0.0,
          -0.0,
          0.0,
          0.0,
          0.0,
          0.0,
          1.0
        ],
        [
          0.0,
          0.952114,
          0.305743,
          -0.0,
          0.0,
          -0.305743,
          0.952114,
          0.4,
          1.0,
          0.0,
          -0.0,
          -0.0,
          0.0,
          0.0,
          0.0,
          1.0
        ],
        [
          0.0,
          0.952114,
          0.305743,
          -0.0,
          0.0,
          -0.305743,
          0.952114,
          0.4,
          1.0,
          0.0,
          -0.0,
          0.0,
          0.0,
          0.0,
          0.0,
          1.0
        ],
        [
          0.0,
          0.952114,
          0.305743,
          0.0,
          0.0,
          -0.305743,
          0.952114,
          0.4,
          1.0,
          0.0,
          -0.0,
          -0.0,
          0.0,
          0.0,
          0.0,
          1.0
        ],
        [
          0.0,
          0.952114,
          0.305743,
          -0.0,
          0.0,
          -0.305743,
          0.952114,
          0.4,
          1.0,
          0.0,
          -0.0,
          0.0,
          0.0,
          0.0,
          0.0,
          1.0
        ]
      ]
    },
    {
      "name": "Arm_R",
      "time": [
        0.0,
        0.5,
        1.0,
        1.5,
        2.0
      ],
      "transform": [
        [
          -0.539372,
          -0.814923,
          -0.21208,
          0.0,
          0.368001,
          -0.001586,
          -0.929824,
          0.393861,
          0.757398,
          -0.579567,
          0.300748,
          0.0,
          0.0,
          0.0,
          0.0,
          1.0
        ],
        [
          -0.568275,
          -0.800225,
          -0.191581,
          -0.0,
          0.364955,
          -0.036446,
          -0.930312,
          0.393861,
          0.737476,
          -0.598592,
          0.312757,
          -0.0,
          0.0,
          0.0,
          0.0,
          1.0
        ],
        [
          -0.539372,
          -0.814923,
          -0.21208,
          0.0,
          0.368001,
          -0.001586,
          -0.929824,
          0.393861,
          0.757398,
          -0.579567,
          0.300748,
          0.0,
          0.0,
          0.0,
          0.0,
          1.0
        ],
        [
          -0.581569,
          -0.794232,
          -0.175991,
          0.0,
          0.363309,
          -0.060013,
          -0.929734,
          0.393861,
          0.727863,
          -0.604644,
          0.323452,
          0.0,
          0.0,
          0.0,
          0.0,
          1.0
        ],
        [
          -0.539372,
          -0.814923,
          -0.21208,
          0.0,
          0.368001,
          -0.001586,
          -0.929824,
          0.393861,
          0.757398,
          -0.579567,
          0.300748,
          0.0,
          0.0,
          0.0,
          0.0,
          1.0
        ]
      ]
    },
    {
      "name": "Hand_R",
      "time": [
        0.0,
        0.5,
        1.0,
        1.5,
        2.0
      ],
      "transform": [
        [
          1.0,
          -3e-06,
          2e-06,
          -0.0,
          3e-06,
          0.573706,
          -0.819061,
          0.300003,
          1e-06,
          0.819062,
          0.573706,
          -0.0,
          0.0,
          0.0,
          0.0,
          1.0
        ],
        [
          1.0,
          -3e-06,
          1e-06,
          -0.0,
          3e-06,
          0.713156,
          -0.701005,
          0.300003,
          1e-06,
          0.701006,
          0.713156,
          0.0,
          0.0,
          0.0,
          0.0,
          1.0
        ],
        [
          1.0,
          -3e-06,
          2e-06,
          -0.0,
          3e-06,
          0.573706,
          -0.819061,
          0.300003,
          1e-06,
          0.819062,
          0.573706,
          -0.0,
          0.0,
          0.0,
          0.0,
          1.0
        ],
        [
          1.0,
          -2e-06,
          1e-06,
          -0.0,
          2e-06,
          0.778011,
          -0.628251,
          0.300002,
          1e-06,
          0.628251,
          0.778011,
          0.0,
          0.0,
          0.0,
          0.0,
          1.0
        ],
        [
          1.0,
          -3e-06,
          2e-06,
          -0.0,
          3e-06,
          0.573706,
          -0.819061,
          0.300003,
          1e-06,
          0.819062,
          0.573706,
          -0.0,
          0.0,
          0.0,
          0.0,
          1.0
        ]
      ]
    },
    {
      "name": "Tool_R",
      "time": [
        0.0,
        0.5,
        1.0,
        1.5,
        2.0
      ],
      "transform": [
        [
          0.550105,
          -0.48674,
          -0.678579,
          0.062863,
          -0.789006,
          -0.569154,
          -0.231374,
          0.358053,
          -0.273597,
          0.662682,
          -0.697136,
          -0.053609,
          0.0,
          0.0,
          0.0,
          1.0
        ],
        [
          0.550105,
          -0.48674,
          -0.678579,
          0.062863,
          -0.789006,
          -0.569154,
          -0.231374,
          0.358053,
          -0.273597,
          0.662682,
          -0.697136,
          -0.053609,
          0.0,
          0.0,
          0.0,
          1.0
        ],
        [
          0.550105,
          -0.48674,
          -0.678579,
          0.062863,
          -0.789006,
          -0.569154,
          -0.231374,
          0.358053,
          -0.273597,
          0.662682,
          -0.697136,
          -0.053609,
          0.0,
          0.0,
          0.0,
          1.0
        ],
        [
          0.550105,
          -0.48674,
          -0.678579,
          0.062863,
          -0.789006,
          -0.569154,
          -0.231374,
          0.358053,
          -0.273597,
          0.662682,
          -0.697136,
          -0.053609,
          0.0,
          0.0,
          0.0,
          1.0
        ],
        [
          0.550105,
          -0.48674,
          -0.678579,
          0.062863,
          -0.789006,
          -0.569154,
          -0.231374,
          0.358053,
          -0.273597,
          0.662682,
          -0.697136,
          -0.053609,
          0.0,
          0.0,
          0.0,
          1.0
        ]
      ]
    },
    {
      "name": "Elbow_R",
      "time": [
        0.0,
        2.0
      ],
      "transform": [
        [
          -1.0,
          0.0,
          -0.0,
          -0.0,
          0.0,
          0.003946,
          -0.999992,
          0.389139,
          -0.0,
          -0.999992,
          -0.003946,
          -0.000901,
          0.0,
          0.0,
          0.0,
          1.0
        ],
        [
          -1.0,
          0.0,
          -0.0,
          -0.0,
          0.0,
          0.003946,
          -0.999992,
          0.389139,
          -0.0,
          -0.999992,
          -0.003946,
          -0.000901,
          0.0,
          0.0,
          0.0,
          1.0
        ]
      ]
    },
    {
      "name": "Shoulder_L",
      "time": [
        0.0,
        0.5,
        1.0,
        1.5,
        2.0
      ],
      "transform": [
        [
          -0.0,
          -0.952114,
          -0.305743,
          -0.0,
          0.0,
          -0.305743,
          0.952114,
          0.4,
          -1.0,
          0.0,
          0.0,
          0.0,
          0.0,
          0.0,
          0.0,
          1.0
        ],
        [
          -0.0,
          -0.952114,
          -0.305743,
          -0.0,
          0.0,
          -0.305743,
          0.952114,
          0.4,
          -1.0,
          -0.0,
          0.0,
          -0.0,
          0.0,
          0.0,
          0.0,
          1.0
        ],
        [
          -0.0,
          -0.952114,
          -0.305743,
          -0.0,
          0.0,
          -0.305743,
          0.952114,
          0.4,
          -1.0,
          0.0,
          0.0,
          0.0,
          0.0,
          0.0,
          0.0,
          1.0
        ],
        [
          -0.0,
          -0.952114,
          -0.305743,
          0.0,
          0.0,
          -0.305743,
          0.952114,
          0.4,
          -1.0,
          0.0,
          0.0,
          -0.0,
          0.0,
          0.0,
          0.0,
          1.0
        ],
        [
          -0.0,
          -0.952114,
          -0.305743,
          -0.0,
          0.0,
          -0.305743,
          0.952114,
          0.4,
          -1.0,
          0.0,
          0.0,
          0.0,
          0.0,
          0.0,
          0.0,
          1.0
        ]
      ]
    },
    {
      "name": "Arm_L",
      "time": [
        0.0,
        0.5,
        1.0,
        1.5,
        2.0
      ],
      "transform": [
        [
          -0.308176,
          0.74578,
          -0.590626,
          -0.0,
          -0.289986,
          -0.664938,
          -0.688306,
          0.39386,
          -0.906055,
          -0.040847,
          0.421184,
          -0.0,
          0.0,
          0.0,
          0.0,
          1.0
        ],
        [
          -0.339455,
          0.771166,
          -0.538585,
          0.0,
          -0.261594,
          -0.627392,
          -0.733449,
          0.39386,
          -0.903515,
          -0.108082,
          0.414704,
          0.0,
          0.0,
          0.0,
          0.0,
          1.0
        ],
        [
          -0.308176,
          0.74578,
          -0.590626,
          -0.0,
          -0.289986,
          -0.664938,
          -0.688306,
          0.39386,
          -0.906055,
          -0.040847,
          0.421184,
          -0.0,
          0.0,
          0.0,
          0.0,
          1.0
        ],
        [
          -0.355006,
          0.77988,
          -0.515516,
          -0.0,
          -0.248568,
          -0.610327,
          -0.75214,
          0.39386,
          -0.901213,
          -0.138874,
          0.410523,
          0.0,
          0.0,
          0.0,
          0.0,
          1.0
        ],
        [
          -0.308176,
          0.74578,
          -0.590626,
          -0.0,
          -0.289986,
          -0.664938,
          -0.688306,
          0.39386,
          -0.906055,
          -0.040847,
          0.421184,
          -0.0,
          0.0,
          0.0,
          0.0,
          1.0
        ]
      ]
    },
    {
      "name": "Hand_L",
      "time": [
        0.0,
        0.5,
        1.0,
        1.5,
        2.0
      ],
      "transform": [
        [
          1.0,
          0.0,
          0.0,
          0.0,
          0.0,
          1.0,
          -0.001008,
          0.300003,
          -0.0,
          0.001008,
          1.0,
          -0.0,
          0.0,
          0.0,
          0.0,
          1.0
        ],
        [
          1.0,
          0.0,
          0.0,
          -0.0,
          0.0,
          1.0,
          -0.001009,
          0.300003,
          0.0,
          0.001009,
          1.0,
          -0.0,
          0.0,
          0.0,
          0.0,
          1.0
        ],
        [
          1.0,
          0.0,
          0.0,
          0.0,
          0.0,
          1.0,
          -0.001008,
          0.300003,
          -0.0,
          0.001008,
          1.0,
          -0.0,
          0.0,
          0.0,
          0.0,
          1.0
        ],
        [
          1.0,
          -0.0,
          0.0,
          0.0,
          0.0,
          0.999999,
          -0.001009,
          0.300002,
          -0.0,
          0.001009,
          0.999999,
          0.0,
          0.0,
          0.0,
          0.0,
          1.0
        ],
        [
          1.0,
          0.0,
          0.0,
          0.0,
          0.0,
          1.0,
          -0.001008,
          0.300003,
          -0.0,
          0.001008,
          1.0,
          -0.0,
          0.0,
          0.0,
          0.0,
          1.0
        ]
      ]
    },
    {
      "name": "Tool_L",
      "time": [
        0.0,
        2.0
      ],
      "transform": [
        [
          1.0,
          0.0,
          0.0,
          -0.0,
          0.0,
          -0.999559,
          -0.029689,
          0.271711,
          0.0,
          0.029689,
          -0.999559,
          -0.028915,
          0.0,
          0.0,
          0.0,
          1.0
        ],
        [
          1.0,
          0.0,
          0.0,
          -0.0,
          0.0,
          -0.999559,
          -0.029689,
          0.271711,
          0.0,
          0.029689,
          -0.999559,
          -0.028915,
          0.0,
          0.0,
          0.0,
          1.0
        ]
      ]
    },
    {
      "name": "Elbow_L",
      "time": [
        0.0,
        2.0
      ],
      "transform": [
        [
          -1.0,
          0.0,
          -0.0,
          -0.0,
          0.0,
          0.003946,
          -0.999992,
          0.300007,
          -0.0,
          -0.999993,
          -0.003946,
          -0.001252,
          0.0,
          0.0,
          0.0,
          1.0
        ],
        [
          -1.0,
          0.0,
          -0.0,
          -0.0,
          0.0,
          0.003946,
          -0.999992,
          0.300007,
          -0.0,
          -0.999993,
          -0.003946,
          -0.001252,
          0.0,
          0.0,
          0.0,
          1.0
        ]
      ]
    },
    {
      "name": "IK-Thigh_R",
      "time": [
        0.0,
        0.5,
        1.0,
        1.5,
        2.0
      ],
      "transform": [
        [
          1.0,
          -1.3e-05,
          4e-06,
          0.124994,
          -8e-06,
          -0.27708,
          0.960847,
          -0.002831,
          -1.1e-05,
          -0.960847,
          -0.27708,
          -1.2e-05,
          0.0,
          0.0,
          0.0,
          1.0
        ],
        [
          1.0,
          -3e-06,
          0.0,
          0.124994,
          -3e-06,
          -0.98751,
          0.157559,
          -0.002831,
          -0.0,
          -0.157559,
          -0.98751,
          -1.2e-05,
          0.0,
          0.0,
          0.0,
          1.0
        ],
        [
          1.0,
          -1.4e-05,
          5e-06,
          0.124994,
          -1.3e-05,
          -0.98234,
          -0.187108,
          -0.002831,
          7e-06,
          0.187108,
          -0.98234,
          -1.2e-05,
          0.0,
          0.0,
          0.0,
          1.0
        ],
        [
          1.0,
          -1.7e-05,
          9e-06,
          0.124994,
          -1.8e-05,
          -0.642818,
          0.766019,
          -0.002831,
          -7e-06,
          -0.766019,
          -0.642818,
          -1.2e-05,
          0.0,
          0.0,
          0.0,
          1.0
        ],
        [
          1.0,
          -1.3e-05,
          4e-06,
          0.124994,
          -8e-06,
          -0.27708,
          0.960847,
          -0.002831,
          -1.1e-05,
          -0.960847,
          -0.27708,
          -1.2e-05,
          0.0,
          0.0,
          0.0,
          1.0
        ]
      ]
    },
    {
      "name": "IK-Leg_R",
      "time": [
        0.0,
        2.0
      ],
      "transform": [
        [
          1.0,
          2e-05,
          1.6e-05,
          0.0,
          -2.1e-05,
          0.280017,
          0.959995,
          0.374726,
          1.5e-05,
          -0.959995,
          0.280017,
          -0.0,
          0.0,
          0.0,
          0.0,
          1.0
        ],
        [
          1.0,
          2e-05,
          1.6e-05,
          0.0,
          -2.1e-05,
          0.280017,
          0.959995,
          0.374726,
          1.5e-05,
          -0.959995,
          0.280017,
          -0.0,
          0.0,
          0.0,
          0.0,
          1.0
        ]
      ]
    },
    {
      "name": "IK-Thigh_L",
      "time": [
        0.0,
        0.5,
        1.0,
        1.5,
        2.0
      ],
      "transform": [
        [
          1.0,
          -1.5e-05,
          6e-06,
          -0.125006,
          -1.5e-05,
          -0.999811,
          0.019434,
          -0.002831,
          6e-06,
          -0.019434,
          -0.999811,
          -1.2e-05,
          0.0,
          0.0,
          0.0,
          1.0
        ],
        [
          1.0,
          -1.7e-05,
          9e-06,
          -0.125006,
          -1.7e-05,
          -0.565226,
          0.824937,
          -0.002831,
          -9e-06,
          -0.824937,
          -0.565225,
          -1.2e-05,
          0.0,
          0.0,
          0.0,
          1.0
        ],
        [
          1.0,
          -1.3e-05,
          3e-06,
          -0.125006,
          -7e-06,
          -0.277363,
          0.960765,
          -0.002831,
          -1.2e-05,
          -0.960766,
          -0.277363,
          -1.2e-05,
          0.0,
          0.0,
          0.0,
          1.0
        ],
        [
          1.0,
          -5e-06,
          1e-06,
          -0.125006,
          -5e-06,
          -0.946503,
          0.322697,
          -0.002831,
          -1e-06,
          -0.322697,
          -0.946503,
          -1.2e-05,
          0.0,
          0.0,
          0.0,
          1.0
        ],
        [
          1.0,
          -1.5e-05,
          6e-06,
          -0.125006,
          -1.5e-05,
          -0.999811,
          0.019434,
          -0.002831,
          6e-06,
          -0.019434,
          -0.999811,
          -1.2e-05,
          0.0,
          0.0,
          0.0,
          1.0
        ]
      ]
    }
  ]
}