{
  "animation": [
    {
      "name": "Root",
      "time": [
        0.0,
        0.5,
        1.0,
        1.5,
        2.0
      ],
      "transform": [
        [
          1.0,
          0.0,
          0.0,
          -5e-06,
          0.0,
          0.0,
          -1.0,
          0.000946,
          0.0,
          1.0,
          0.0,
          0.4969,
          0.0,
          0.0,
          0.0,
          1.0
        ],
        [
          1.0,
          0.0,
          0.0,
          -5e-06,
          0.0,
          0.0,
          -1.0,
          -0.039114,
          0.0,
          1.0,
          0.0,
          0.713228,
          0.0,
          0.0,
          0.0,
          1.0
        ],
        [
          1.0,
          0.0,
          0.0,
          -5e-06,
          0.0,
          0.0,
          -1.0,
          0.000946,
          0.0,
          1.0,
          0.0,
          0.4969,
          0.0,
          0.0,
          0.0,
          1.0
        ],
        [
          1.0,
          0.0,
          0.0,
          -5e-06,
          0.0,
          0.0,
          -1.0,
          -0.015078,
          0.0,
          1.0,
          0.0,
          0.705216,
          0.0,
          0.0,
          0.0,
          1.0
        ],
        [
          1.0,
          0.0,
          0.0,
          -5e-06,
          0.0,
          0.0,
          -1.0,
          0.000946,
          0.0,
          1.0,
          0.0,
          0.4969,
          0.0,
          0.0,
          0.0,
          1.0
        ]
      ]
    },
    {
      "name": "Thigh_R",
      "time": [
        0.0,
        0.5,
        1.0,
        1.5,
        2.0
      ],
      "transform": [
        [
          1.0,
          -1.5e-05,
          6e-06,
          0.124994,
          -1.5e-05,
          -1.0,
          -0.000348,
          -0.00251,
          6e-06,
          0.000348,
          -1.0,
          0.057555,
          0.0,
          0.0,
          0.0,
          1.0
        ],
        [
          1.0,
          -2e-05,
          1.5e-05,
          0.124994,
          -2e-05,
          -0.293992,
          0.955808,
          -0.00251,
          -1.5e-05,
          -0.955808,
          -0.293992,
          0.006552,
          0.0,
          0.0,
          0.0,
          1.0
        ],
        [
          1.0,
          -1.3e-05,
          4e-06,
          0.124994,
          -7e-06,
          -0.292283,
          0.956332,
          -0.00251,
          -1.1e-05,
          -0.956332,
          -0.292283,
          -0.044452,
          0.0,
          0.0,
          0.0,
          1.0
        ],
        [
          1.0,
          -5e-06,
          0.0,
          0.124994,
          -5e-06,
          -0.955898,
          0.293699,
          -0.00251,
          -1e-06,
          -0.293699,
          -0.955898,
          0.006552,
          0.0,
          0.0,
          0.0,
          1.0
        ],
        [
          1.0,
          -1.5e-05,
          6e-06,
          0.124994,
          -1.5e-05,
          -1.0,
          -0.000348,
          -0.00251,
          6e-06,
          0.000348,
          -1.0,
          0.057555,
          0.0,
          0.0,
          0.0,
          1.0
        ]
      ]
    },
    {
      "name": "Leg_R",
      "time": [
        0.0,
        0.5,
        1.0,
        1.5,
        2.0
      ],
      "transform": [
        [
          1.0,
          2.1e-05,
          2.1e-05,
          -0.0,
          -2.2e-05,
          0.020826,
          0.999783,
          0.374726,
          2.1e-05,
          -0.999783,
          0.020826,
          0.0,
          0.0,
          0.0,
          0.0,
          1.0
        ],
        [
          1.0,
          1.2e-05,
          3.9e-05,
          0.0,
          -1.3e-05,
          -0.806596,
          0.591103,
          0.374726,
          3.8e-05,
          -0.591103,
          -0.806596,
          0.0,
          0.0,
          0.0,
          0.0,
          1.0
        ],
        [
          1.0,
          2e-05,
          1.5e-05,
          -0.0,
          -2.1e-05,
          0.313851,
          0.949472,
          0.374726,
          1.4e-05,
          -0.949472,
          0.313851,
          -0.0,
          0.0,
          0.0,
          0.0,
          1.0
        ],
        [
          1.0,
          9e-06,
          3e-06,
          -0.0,
          -9e-06,
          0.908135,
          0.418678,
          0.374726,
          1e-06,
          -0.418679,
          0.908135,
          -0.0,
          0.0,
          0.0,
          0.0,
          1.0
        ],
        [
          1.0,
          2.1e-05,
          2.1e-05,
          -0.0,
          -2.2e-05,
          0.020826,
          0.999783,
          0.374726,
          2.1e-05,
          -0.999783,
          0.020826,
          0.0,
          0.0,
          0.0,
          0.0,
          1.0
        ]
      ]
    },
    {
      "name": "Knee_R",
      "time": [
        0.0,
        2.0
      ],
      "transform": [
        [
          1.0,
          0.0,
          -0.0,
          0.0,
          -0.0,
          0.00567,
          -0.999984,
          0.481346,
          -0.0,
          0.999984,
          0.00567,
          -0.000605,
          0.0,
          0.0,
          0.0,
          1.0
        ],
        [
          1.0,
          0.0,
          -0.0,
          0.0,
          -0.0,
          0.00567,
          -0.999984,
          0.481346,
          -0.0,
          0.999984,
          0.00567,
          -0.000605,
          0.0,
          0.0,
          0.0,
          1.0
        ]
      ]
    },
    {
      "name": "Thigh_L",
      "time": [
        0.0,
        0.5,
        1.0,
        1.5,
        2.0
      ],
      "transform": [
        [
          1.0,
          -1.3e-05,
          4e-06,
          -0.125006,
          -8e-06,
          -0.271171,
          0.962531,
          -0.002831,
          -1.2e-05,
          -0.962532,
          -0.271171,
          -0.070633,
          0.0,
          0.0,
          0.0,
          1.0
        ],
        [
          1.0,
          -0.0,
          -0.0,
          -0.125006,
          -0.0,
          -0.997372,
          0.072449,
          0.004124,
          -0.0,
          -0.072449,
          -0.997372,
          0.010508,
          0.0,
          0.0,
          0.0,
          1.0
        ],
        [
          1.0,
          -1.5e-05,
          6e-06,
          -0.125006,
          -1.4e-05,
          -0.998956,
          -0.045681,
          0.011079,
          6e-06,
          0.045681,
          -0.998956,
          0.09165,
          0.0,
          0.0,
          0.0,
          1.0
        ],
        [
          1.0,
          -2e-05,
          1.4e-05,
          -0.125006,
          -2.2e-05,
          -0.478177,
          0.878264,
          0.004124,
          -1.1e-05,
          -0.878264,
          -0.478177,
          0.010508,
          0.0,
          0.0,
          0.0,
          1.0
        ],
        [
          1.0,
          -1.3e-05,
          4e-06,
          -0.125006,
          -8e-06,
          -0.271171,
          0.962531,
          -0.002831,
          -1.2e-05,
          -0.962532,
          -0.271171,
          -0.070633,
          0.0,
          0.0,
          0.0,
          1.0
        ]
      ]
    },
    {
      "name": "Leg_L",
      "time": [
        0.0,
        0.5,
        1.0,
        1.5,
        2.0
      ],
      "transform": [
        [
          1.0,
          2e-05,
          1.7e-05,
          0.0,
          -2.1e-05,
          0.243101,
          0.970001,
          0.374726,
          1.6e-05,
          -0.970001,
          0.243101,
          0.0,
          0.0,
          0.0,
          0.0,
          1.0
        ],
        [
          1.0,
          0.0,
          1e-06,
          -0.0,
          -0.0,
          0.999999,
          0.001466,
          0.374726,
          -1e-06,
          -0.001466,
          0.999999,
          0.0,
          0.0,
          0.0,
          0.0,
          1.0
        ],
        [
          1.0,
          2.1e-05,
          2e-05,
          0.0,
          -2.2e-05,
          0.058315,
          0.998298,
          0.374726,
          2e-05,
          -0.998298,
          0.058315,
          0.0,
          0.0,
          0.0,
          0.0,
          1.0
        ],
        [
          1.0,
          1.4e-05,
          3.8e-05,
          -0.0,
          -1.4e-05,
          -0.755445,
          0.655212,
          0.374726,
          3.7e-05,
          -0.655212,
          -0.755445,
          0.0,
          0.0,
          0.0,
          0.0,
          1.0
        ],
        [
          1.0,
          2e-05,
          1.7e-05,
          0.0,
          -2.1e-05,
          0.243101,
          0.970001,
          0.374726,
          1.6e-05,
          -0.970001,
          0.243101,
          0.0,
          0.0,
          0.0,
          0.0,
          1.0
        ]
      ]
    },
    {
      "name": "Knee_L",
      "time": [
        0.0,
        2.0
      ],
      "transform": [
        [
          1.0,
          0.0,
          -0.0,
          0.0,
          -0.0,
          0.00567,
          -0.999984,
          0.45774,
          -0.0,
          0.999984,
          0.00567,
          -0.000471,
          0.0,
          0.0,
          0.0,
          1.0
        ],
        [
          1.0,
          0.0,
          -0.0,
          0.0,
          -0.0,
          0.00567,
          -0.999984,
          0.45774,
          -0.0,
          0.999984,
          0.00567,
          -0.000471,
          0.0,
          0.0,
          0.0,
          1.0
        ]
      ]
    },
    {
      "name": "Torso",
      "time": [
        0.0,
        0.5,
        1.0,
        1.5,
        2.0
      ],
      "transform": [
        [
          0.972875,
          0.0,
          -0.231332,
          0.0,
          0.0,
          1.0,
          0.0,
          0.05,
          0.231332,
          0.0,
          0.972875,
          0.0,
          0.0,
          0.0,
          0.0,
          1.0
        ],
        [
          0.992147,
          0.0,
          -0.125076,
          0.0,
          0.0,
          1.0,
          0.0,
          0.05,
          0.125076,
          0.0,
          0.992147,
          0.0,
          0.0,
          0.0,
          0.0,
          1.0
        ],
        [
          0.999849,
          0.0,
          -0.01736,
          0.0,
          0.0,
          1.0,
          0.0,
          0.05,
          0.01736,
          0.0,
          0.999849,
          0.0,
          0.0,
          0.0,
          0.0,
          1.0
        ],
        [
          0.992147,
          0.0,
          -0.125076,
          0.0,
          0.0,
          1.0,
          0.0,
          0.05,
          0.125076,
          0.0,
          0.992147,
          0.0,
          0.0,
          0.0,
          0.0,
          1.0
        ],
        [
          0.972875,
          0.0,
          -0.231332,
          0.0,
          0.0,
          1.0,
          0.0,
          0.05,
          0.231332,
          0.0,
          0.972875,
          0.0,
          0.0,
          0.0,
          0.0,
          1.0
        ]
      ]
    },
    {
      "name": "Chest",
      "time": [
        0.0,
        0.5,
        1.0,
        1.5,
        2.0
      ],
      "transform": [
        [
          0.776078,
          -0.076198,
          -0.626017,
          -0.0,
          0.257942,
          0.944195,
          0.204846,
          0.3,
          0.575474,
          -0.320452,
          0.752423,
          0.0,
          0.0,
          0.0,
          0.0,
          1.0
        ],
        [
          0.843054,
          -0.116393,
          -0.525084,
          -0.0,
          0.257942,
          0.944195,
          0.204846,
          0.3,
          0.471939,
          -0.308137,
          0.82603,
          -0.0,
          0.0,
          0.0,
          0.0,
          1.0
        ],
        [
          0.896297,
          -0.154691,
          -0.415598,
          -0.0,
          0.257942,
          0.944195,
          0.204846,
          0.3,
          0.360718,
          -0.290803,
          0.886181,
          0.0,
          0.0,
          0.0,
          0.0,
          1.0
        ],
        [
          0.843054,
          -0.116393,
          -0.525084,
          -0.0,
          0.257942,
          0.944195,
          0.204846,
          0.3,
          0.471939,
          -0.308137,
          0.82603,
          0.0,
          0.0,
          0.0,
          0.0,
          1.0
        ],
        [
          0.776078,
          -0.076198,
          -0.626017,
          -0.0,
          0.257942,
          0.944195,
          0.204846,
          0.3,
          0.575474,
          -0.320452,
          0.752423,
          0.0,
          0.0,
          0.0,
          0.0,
          1.0
        ]
      ]
    },
    {
      "name": "Head",
      "time": [
        0.0,
        0.5,
        1.0,
        1.5,
        2.0
      ],
      "transform": [
        [
          0.614434,
          0.241441,
          0.751118,
          -0.0,
          0.003078,
          0.951284,
          -0.308301,
          0.4,
          -0.788963,
          0.191742,
          0.583758,
          -0.0,
          0.0,
          0.0,
          0.0,
          1.0
        ],
        [
          0.767264,
          0.244998,
          0.592691,
          0.0,
          -0.071572,
          0.951094,
          -0.300496,
          0.4,
          -0.637326,
          0.18814,
          0.747275,
          -0.0,
          0.0,
          0.0,
          0.0,
          1.0
        ],
        [
          0.880252,
          0.249223,
          0.403788,
          0.0,
          -0.142516,
          0.950533,
          -0.275999,
          0.4,
          -0.452599,
          0.185403,
          0.872227,
          0.0,
          0.0,
          0.0,
          0.0,
          1.0
        ],
        [
          0.767264,
          0.244998,
          0.592691,
          -0.0,
          -0.071572,
          0.951094,
          -0.300496,
          0.4,
          -0.637326,
          0.18814,
          0.747275,
          -0.0,
          0.0,
          0.0,
          0.0,
          1.0
        ],
        [
          0.614434,
          0.241441,
          0.751118,
          -0.0,
          0.003078,
          0.951284,
          -0.308301,
          0.4,
          -0.788963,
          0.191742,
          0.583758,
          -0.0,
          0.0,
          0.0,
          0.0,
          1.0
        ]
      ]
    },
    {
      "name": "Shoulder_R",
      "time": [
        0.0,
        2.0
      ],
      "transform": [
        [
          0.0,
          0.952114,
          0.305743,
          -0.0,
          0.0,
          -0.305743,
          0.952114,
          0.4,
          1.0,
          0.0,
          -0.0,
          -0.0,
          0.0,
          0.0,
          0.0,
          1.0
        ],
        [
          0.0,
          0.952114,
          0.305743,
          -0.0,
          0.0,
          -0.305743,
          0.952114,
          0.4,
          1.0,
          0.0,
          -0.0,
          -0.0,
          0.0,
          0.0,
          0.0,
          1.0
        ]
      ]
    },
    {
      "name": "Arm_R",
      "time": [
        0.0,
        0.5,
        1.0,
        1.5,
        2.0
      ],
      "transform": [
        [
          -0.402955,
          -0.742673,
          -0.53485,
          0.0,
          0.657968,
          0.171134,
          -0.733343,
          0.39386,
          0.636164,
          -0.647419,
          0.419695,
          -0.0,
          0.0,
          0.0,
          0.0,
          1.0
        ],
        [
          -0.418172,
          -0.640295,
          -0.644326,
          0.0,
          0.808025,
          0.061864,
          -0.585891,
          0.39386,
          0.415003,
          -0.765635,
          0.491504,
          0.0,
          0.0,
          0.0,
          0.0,
          1.0
        ],
        [
          -0.306998,
          -0.585614,
          -0.750207,
          -0.0,
          0.92586,
          -0.001299,
          -0.377865,
          0.39386,
          0.220308,
          -0.81059,
          0.542595,
          -0.0,
          0.0,
          0.0,
          0.0,
          1.0
        ],
        [
          -0.418173,
          -0.640294,
          -0.644326,
          0.0,
          0.808025,
          0.061863,
          -0.585892,
          0.39386,
          0.415002,
          -0.765635,
          0.491504,
          -0.0,
          0.0,
          0.0,
          0.0,
          1.0
        ],
        [
          -0.402955,
          -0.742673,
          -0.53485,
          0.0,
          0.657968,
          0.171134,
          -0.733343,
          0.39386,
          0.636164,
          -0.647419,
          0.419695,
          -0.0,
          0.0,
          0.0,
          0.0,
          1.0
        ]
      ]
    },
    {
      "name": "Hand_R",
      "time": [
        0.0,
        0.5,
        1.0,
        2.0
      ],
      "transform": [
        [
          1.0,
          -6e-06,
          1.1e-05,
          0.0,
          6e-06,
          -0.529919,
          -0.848048,
          0.300002,
          1.1e-05,
          0.848049,
          -0.529919,
          0.0,
          0.0,
          0.0,
          0.0,
          1.0
        ],
        [
          1.0,
          -5e-06,
          8e-06,
          0.0,
          5e-06,
          -0.452868,
          -0.891578,
          0.300002,
          8e-06,
          0.891578,
          -0.452867,
          0.0,
          0.0,
          0.0,
          0.0,
          1.0
        ],
        [
          1.0,
          -2e-06,
          2e-06,
          0.0,
          2e-06,
          -0.363282,
          -0.931679,
          0.300002,
          2e-06,
          0.931679,
          -0.363282,
          0.0,
          0.0,
          0.0,
          0.0,
          1.0
        ],
        [
          1.0,
          -6e-06,
          1.1e-05,
          0.0,
          6e-06,
          -0.529919,
          -0.848048,
          0.300002,
          1.1e-05,
          0.848049,
          -0.529919,
          0.0,
          0.0,
          0.0,
          0.0,
          1.0
        ]
      ]
    },
    {
      "name": "Tool_R",
      "time": [
        0.0,
        0.5,
        1.0,
        1.5,
        2.0
      ],
      "transform": [
        [
          0.83595,
          0.267066,
          -0.479442,
          0.0,
          -0.258986,
          -0.578243,
          -0.773668,
          0.271711,
          -0.483854,
          0.770916,
          -0.414216,
          -0.028915,
          0.0,
          0.0,
          0.0,
          1.0
        ],
        [
          0.922534,
          0.233836,
          -0.307006,
          0.0,
          -0.129917,
          -0.56091,
          -0.81762,
          0.271711,
          -0.363392,
          0.794167,
          -0.487079,
          -0.028915,
          0.0,
          0.0,
          0.0,
          1.0
        ],
        [
          0.973088,
          0.195644,
          -0.121748,
          0.0,
          0.005779,
          -0.548899,
          -0.835869,
          0.271711,
          -0.23036,
          0.812671,
          -0.535258,
          -0.028915,
          0.0,
          0.0,
          0.0,
          1.0
        ],
        [
          0.922534,
          0.233836,
          -0.307006,
          0.0,
          -0.129917,
          -0.56091,
          -0.81762,
          0.271711,
          -0.363392,
          0.794167,
          -0.487079,
          -0.028915,
          0.0,
          0.0,
          0.0,
          1.0
        ],
        [
          0.83595,
          0.267066,
          -0.479442,
          0.0,
          -0.258986,
          -0.578243,
          -0.773668,
          0.271711,
          -0.483854,
          0.770916,
          -0.414216,
          -0.028915,
          0.0,
          0.0,
          0.0,
          1.0
        ]
      ]
    },
    {
      "name": "Elbow_R",
      "time": [
        0.0,
        2.0
      ],
      "transform": [
        [
          -1.0,
          0.0,
          0.0,
          0.0,
          0.0,
          0.003946,
          -0.999992,
          0.447206,
          -0.0,
          -0.999992,
          -0.003946,
          -0.000671,
          0.0,
          0.0,
          0.0,
          1.0
        ],
        [
          -1.0,
          0.0,
          0.0,
          0.0,
          0.0,
          0.003946,
          -0.999992,
          0.447206,
          -0.0,
          -0.999992,
          -0.003946,
          -0.000671,
          0.0,
          0.0,
          0.0,
          1.0
        ]
      ]
    },
    {
      "name": "Shoulder_L",
      "time": [
        0.0,
        2.0
      ],
      "transform": [
        [
          -0.0,
          -0.952114,
          -0.305743,
          0.131477,
          0.0,
          -0.305743,
          0.952114,
          0.386935,
          -1.0,
          -0.0,
          0.0,
          -0.105337,
          0.0,
          0.0,
          0.0,
          1.0
        ],
        [
          -0.0,
          -0.952114,
          -0.305743,
          0.131477,
          0.0,
          -0.305743,
          0.952114,
          0.386935,
          -1.0,
          -0.0,
          0.0,
          -0.105337,
          0.0,
          0.0,
          0.0,
          1.0
        ]
      ]
    },
    {
      "name": "Arm_L",
      "time": [
        0.0,
        0.5,
        1.0,
        1.5,
        2.0
      ],
      "transform": [
        [
          0.104574,
          0.884508,
          0.454653,
          -0.0,
          -0.328795,
          0.462202,
          -0.823567,
          0.39386,
          -0.938593,
          -0.063364,
          0.339156,
          0.0,
          0.0,
          0.0,
          0.0,
          1.0
        ],
        [
          0.011973,
          0.978398,
          0.206379,
          -0.0,
          -0.254417,
          0.202583,
          -0.945638,
          0.39386,
          -0.967021,
          -0.041184,
          0.251347,
          0.0,
          0.0,
          0.0,
          0.0,
          1.0
        ],
        [
          -0.075263,
          0.942461,
          -0.325733,
          0.0,
          -0.176392,
          -0.33409,
          -0.925889,
          0.39386,
          -0.981439,
          -0.012228,
          0.191387,
          -0.0,
          0.0,
          0.0,
          0.0,
          1.0
        ],
        [
          0.011974,
          0.978398,
          0.20638,
          -0.0,
          -0.254417,
          0.202583,
          -0.945638,
          0.39386,
          -0.96702,
          -0.041183,
          0.251347,
          0.0,
          0.0,
          0.0,
          0.0,
          1.0
        ],
        [
          0.104574,
          0.884508,
          0.454653,
          -0.0,
          -0.328795,
          0.462202,
          -0.823567,
          0.39386,
          -0.938593,
          -0.063364,
          0.339156,
          0.0,
          0.0,
          0.0,
          0.0,
          1.0
        ]
      ]
    },
    {
      "name": "Hand_L",
      "time": [
        0.0,
        0.5,
        1.0,
        2.0
      ],
      "transform": [
        [
          1.0,
          -5e-06,
          6e-06,
          0.0,
          5e-06,
          -0.216255,
          -0.976337,
          0.300002,
          6e-06,
          0.976337,
          -0.216255,
          -0.0,
          0.0,
          0.0,
          0.0,
          1.0
        ],
        [
          1.0,
          -3e-06,
          3e-06,
          -0.0,
          3e-06,
          0.278992,
          -0.960294,
          0.300003,
          2e-06,
          0.960294,
          0.278992,
          -0.0,
          0.0,
          0.0,
          0.0,
          1.0
        ],
        [
          1.0,
          -0.0,
          0.0,
          0.0,
          0.0,
          0.95875,
          -0.28425,
          0.300003,
          -0.0,
          0.284249,
          0.95875,
          0.0,
          0.0,
          0.0,
          0.0,
          1.0
        ],
        [
          1.0,
          -5e-06,
          6e-06,
          0.0,
          5e-06,
          -0.216255,
          -0.976337,
          0.300002,
          6e-06,
          0.976337,
          -0.216255,
          -0.0,
          0.0,
          0.0,
          0.0,
          1.0
        ]
      ]
    },
    {
      "name": "Tool_L",
      "time": [
        0.0,
        0.5,
        1.0,
        1.5,
        2.0
      ],
      "transform": [
        [
          0.125319,
          -0.360234,
          0.924406,
          -0.0,
          0.116629,
          -0.919942,
          -0.374306,
          0.271711,
          0.985238,
          0.15472,
          -0.073272,
          -0.028915,
          0.0,
          0.0,
          0.0,
          1.0
        ],
        [
          0.125319,
          -0.360234,
          0.924406,
          -0.0,
          0.116629,
          -0.919942,
          -0.374306,
          0.271711,
          0.985238,
          0.15472,
          -0.073272,
          -0.028915,
          0.0,
          0.0,
          0.0,
          1.0
        ],
        [
          0.125319,
          -0.360234,
          0.924406,
          0.0,
          0.116629,
          -0.919942,
          -0.374306,
          0.271711,
          0.985238,
          0.15472,
          -0.073272,
          -0.028915,
          0.0,
          0.0,
          0.0,
          1.0
        ],
        [
          0.125319,
          -0.360234,
          0.924406,
          -0.0,
          0.116629,
          -0.919942,
          -0.374306,
          0.271711,
          0.985238,
          0.15472,
          -0.073272,
          -0.028915,
          0.0,
          0.0,
          0.0,
          1.0
        ],
        [
          0.125319,
          -0.360234,
          0.924406,
          -0.0,
          0.116629,
          -0.919942,
          -0.374306,
          0.271711,
          0.985238,
          0.15472,
          -0.073272,
          -0.028915,
          0.0,
          0.0,
          0.0,
          1.0
        ]
      ]
    },
    {
      "name": "Elbow_L",
      "time": [
        0.0,
        2.0
      ],
      "transform": [
        [
          -1.0,
          0.0,
          -0.0,
          0.0,
          0.0,
          0.003946,
          -0.999992,
          0.447206,
          -0.0,
          -0.999992,
          -0.003946,
          -0.000672,
          0.0,
          0.0,
          0.0,
          1.0
        ],
        [
          -1.0,
          0.0,
          -0.0,
          0.0,
          0.0,
          0.003946,
          -0.999992,
          0.447206,
          -0.0,
          -0.999992,
          -0.003946,
          -0.000672,
          0.0,
          0.0,
          0.0,
          1.0
        ]
      ]
    },
    {
      "name": "IK-Thigh_R",
      "time": [
        0.0,
        0.5,
        1.0,
        1.5,
        2.0
      ],
      "transform": [
        [
          1.0,
          -1.5e-05,
          6e-06,
          0.124994,
          -1.5e-05,
          -1.0,
          -0.000348,
          -0.00251,
          6e-06,
          0.000348,
          -1.0,
          0.057555,
          0.0,
          0.0,
          0.0,
          1.0
        ],
        [
          1.0,
          -2e-05,
          1.5e-05,
          0.124994,
          -2e-05,
          -0.293992,
          0.955808,
          -0.00251,
          -1.5e-05,
          -0.955808,
          -0.293992,
          0.006552,
          0.0,
          0.0,
          0.0,
          1.0
        ],
        [
          1.0,
          -1.3e-05,
          4e-06,
          0.124994,
          -7e-06,
          -0.292283,
          0.956332,
          -0.00251,
          -1.1e-05,
          -0.956332,
          -0.292283,
          -0.044452,
          0.0,
          0.0,
          0.0,
          1.0
        ],
        [
          1.0,
          -5e-06,
          0.0,
          0.124994,
          -5e-06,
          -0.955898,
          0.293699,
          -0.00251,
          -1e-06,
          -0.293699,
          -0.955898,
          0.006552,
          0.0,
          0.0,
          0.0,
          1.0
        ],
        [
          1.0,
          -1.5e-05,
          6e-06,
          0.124994,
          -1.5e-05,
          -1.0,
          -0.000348,
          -0.00251,
          6e-06,
          0.000348,
          -1.0,
          0.057555,
          0.0,
          0.0,
          0.0,
          1.0
        ]
      ]
    },
    {
      "name": "IK-Leg_R",
      "time": [
        0.0,
        2.0
      ],
      "transform": [
        [
          1.0,
          2.1e-05,
          2.1e-05,
          -0.0,
          -2.2e-05,
          0.020826,
          0.999783,
          0.374726,
          2.1e-05,
          -0.999783,
          0.020826,
          -0.0,
          0.0,
          0.0,
          0.0,
          1.0
        ],
        [
          1.0,
          2.1e-05,
          2.1e-05,
          -0.0,
          -2.2e-05,
          0.020826,
          0.999783,
          0.374726,
          2.1e-05,
          -0.999783,
          0.020826,
          -0.0,
          0.0,
          0.0,
          0.0,
          1.0
        ]
      ]
    },
    {
      "name": "IK-Thigh_L",
      "time": [
        0.0,
        0.5,
        1.0,
        1.5,
        2.0
      ],
      "transform": [
        [
          1.0,
          -1.3e-05,
          4e-06,
          -0.125006,
          -8e-06,
          -0.271171,
          0.962531,
          -0.002831,
          -1.2e-05,
          -0.962532,
          -0.271171,
          -0.070633,
          0.0,
          0.0,
          0.0,
          1.0
        ],
        [
          1.0,
          -0.0,
          -0.0,
          -0.125006,
          -0.0,
          -0.997372,
          0.072449,
          0.004124,
          -0.0,
          -0.072449,
          -0.997372,
          0.010508,
          0.0,
          0.0,
          0.0,
          1.0
        ],
        [
          1.0,
          -1.5e-05,
          6e-06,
          -0.125006,
          -1.4e-05,
          -0.998956,
          -0.045681,
          0.011079,
          6e-06,
          0.045681,
          -0.998956,
          0.09165,
          0.0,
          0.0,
          0.0,
          1.0
        ],
        [
          1.0,
          -2e-05,
          1.4e-05,
          -0.125006,
          -2.2e-05,
          -0.478177,
          0.878264,
          0.004124,
          -1.1e-05,
          -0.878264,
          -0.478177,
          0.010508,
          0.0,
          0.0,
          0.0,
          1.0
        ],
        [
          1.0,
          -1.3e-05,
          4e-06,
          -0.125006,
          -8e-06,
          -0.271171,
          0.962531,
          -0.002831,
          -1.2e-05,
          -0.962532,
          -0.271171,
          -0.070633,
          0.0,
          0.0,
          0.0,
          1.0
        ]
      ]
    }
  ]
}